1,1,0
1,2,1
1,3,0
1,4,0
1,5,1
1,6,0
1,7,1
1,8,0
1,9,1
1,10,0
1,11,1
1,12,0
1,13,1
1,14,0
1,15,1
1,16,0
1,17,1
1,18,0
1,19,1
1,20,0
1,21,1
1,22,0
1,23,1
1,24,0
1,25,1
2,1,0
2,2,1
2,3,0
2,4,0
2,5,1
2,6,0
2,7,1
2,8,0
2,9,1
2,10,0
2,11,1
2,12,0
2,13,1
2,14,0
2,15,1
2,16,0
2,17,1
2,18,0
2,19,1
2,20,0
2,21,1
2,22,0
2,23,1
2,24,1
2,25,0
3,1,0
3,2,1
3,3,0
3,4,0
3,5,1
3,6,0
3,7,1
3,8,0
3,9,1
3,10,0
3,11,1
3,12,0
3,13,1
3,14,0
3,15,1
3,16,0
3,17,1
3,18,0
3,19,1
3,20,0
3,21,1
3,22,1
3,23,0
3,24,1
3,25,0
4,1,0
4,2,1
4,3,0
4,4,0
4,5,1
4,6,0
4,7,1
4,8,0
4,9,1
4,10,0
4,11,1
4,12,0
4,13,1
4,14,0
4,15,1
4,16,0
4,17,1
4,18,0
4,19,1
4,20,1
4,21,0
4,22,1
4,23,0
4,24,1
4,25,0
5,1,0
5,2,1
5,3,0
5,4,0
5,5,1
5,6,0
5,7,1
5,8,0
5,9,1
5,10,0
5,11,1
5,12,0
5,13,1
5,14,0
5,15,1
5,16,0
5,17,1
5,18,1
5,19,0
5,20,1
5,21,0
5,22,1
5,23,0
5,24,1
5,25,0
6,1,0
6,2,1
6,3,0
6,4,0
6,5,1
6,6,0
6,7,1
6,8,0
6,9,1
6,10,0
6,11,1
6,12,0
6,13,1
6,14,0
6,15,1
6,16,1
6,17,0
6,18,1
6,19,0
6,20,1
6,21,0
6,22,1
6,23,0
6,24,1
6,25,0
7,1,0
7,2,1
7,3,0
7,4,0
7,5,1
7,6,0
7,7,1
7,8,0
7,9,1
7,10,0
7,11,1
7,12,0
7,13,1
7,14,1
7,15,0
7,16,1
7,17,0
7,18,1
7,19,0
7,20,1
7,21,0
7,22,1
7,23,0
7,24,1
7,25,0
8,1,0
8,2,1
8,3,0
8,4,0
8,5,1
8,6,0
8,7,1
8,8,0
8,9,1
8,10,0
8,11,1
8,12,1
8,13,0
8,14,1
8,15,0
8,16,1
8,17,0
8,18,1
8,19,0
8,20,1
8,21,0
8,22,1
8,23,0
8,24,1
8,25,0
9,1,0
9,2,1
9,3,0
9,4,0
9,5,1
9,6,0
9,7,1
9,8,0
9,9,1
9,10,1
9,11,0
9,12,1
9,13,0
9,14,1
9,15,0
9,16,1
9,17,0
9,18,1
9,19,0
9,20,1
9,21,0
9,22,1
9,23,0
9,24,1
9,25,0
10,1,0
10,2,1
10,3,0
10,4,0
10,5,1
10,6,0
10,7,1
10,8,1
10,9,0
10,10,1
10,11,0
10,12,1
10,13,0
10,14,1
10,15,0
10,16,1
10,17,0
10,18,1
10,19,0
10,20,1
10,21,0
10,22,1
10,23,0
10,24,1
10,25,0
11,1,0
11,2,1
11,3,0
11,4,0
11,5,1
11,6,1
11,7,0
11,8,1
11,9,0
11,10,1
11,11,0
11,12,1
11,13,0
11,14,1
11,15,0
11,16,1
11,17,0
11,18,1
11,19,0
11,20,1
11,21,0
11,22,1
11,23,0
11,24,1
11,25,0
12,1,0
12,2,1
12,3,0
12,4,1
12,5,0
12,6,0
12,7,1
12,8,0
12,9,1
12,10,0
12,11,1
12,12,0
12,13,1
12,14,0
12,15,1
12,16,0
12,17,1
12,18,0
12,19,1
12,20,0
12,21,1
12,22,0
12,23,1
12,24,0
12,25,1
13,1,0
13,2,1
13,3,0
13,4,1
13,5,0
13,6,0
13,7,1
13,8,0
13,9,1
13,10,0
13,11,1
13,12,0
13,13,1
13,14,0
13,15,1
13,16,0
13,17,1
13,18,0
13,19,1
13,20,0
13,21,1
13,22,0
13,23,1
13,24,1
13,25,0
14,1,0
14,2,1
14,3,0
14,4,1
14,5,0
14,6,0
14,7,1
14,8,0
14,9,1
14,10,0
14,11,1
14,12,0
14,13,1
14,14,0
14,15,1
14,16,0
14,17,1
14,18,0
14,19,1
14,20,0
14,21,1
14,22,1
14,23,0
14,24,1
14,25,0
15,1,0
15,2,1
15,3,0
15,4,1
15,5,0
15,6,0
15,7,1
15,8,0
15,9,1
15,10,0
15,11,1
15,12,0
15,13,1
15,14,0
15,15,1
15,16,0
15,17,1
15,18,0
15,19,1
15,20,1
15,21,0
15,22,1
15,23,0
15,24,1
15,25,0
16,1,0
16,2,1
16,3,0
16,4,1
16,5,0
16,6,0
16,7,1
16,8,0
16,9,1
16,10,0
16,11,1
16,12,0
16,13,1
16,14,0
16,15,1
16,16,0
16,17,1
16,18,1
16,19,0
16,20,1
16,21,0
16,22,1
16,23,0
16,24,1
16,25,0
17,1,0
17,2,1
17,3,0
17,4,1
17,5,0
17,6,0
17,7,1
17,8,0
17,9,1
17,10,0
17,11,1
17,12,0
17,13,1
17,14,0
17,15,1
17,16,1
17,17,0
17,18,1
17,19,0
17,20,1
17,21,0
17,22,1
17,23,0
17,24,1
17,25,0
18,1,0
18,2,1
18,3,0
18,4,1
18,5,0
18,6,0
18,7,1
18,8,0
18,9,1
18,10,0
18,11,1
18,12,0
18,13,1
18,14,1
18,15,0
18,16,1
18,17,0
18,18,1
18,19,0
18,20,1
18,21,0
18,22,1
18,23,0
18,24,1
18,25,0
19,1,0
19,2,1
19,3,0
19,4,1
19,5,0
19,6,0
19,7,1
19,8,0
19,9,1
19,10,0
19,11,1
19,12,1
19,13,0
19,14,1
19,15,0
19,16,1
19,17,0
19,18,1
19,19,0
19,20,1
19,21,0
19,22,1
19,23,0
19,24,1
19,25,0
20,1,0
20,2,1
20,3,0
20,4,1
20,5,0
20,6,0
20,7,1
20,8,0
20,9,1
20,10,1
20,11,0
20,12,1
20,13,0
20,14,1
20,15,0
20,16,1
20,17,0
20,18,1
20,19,0
20,20,1
20,21,0
20,22,1
20,23,0
20,24,1
20,25,0
21,1,0
21,2,1
21,3,0
21,4,1
21,5,0
21,6,0
21,7,1
21,8,1
21,9,0
21,10,1
21,11,0
21,12,1
21,13,0
21,14,1
21,15,0
21,16,1
21,17,0
21,18,1
21,19,0
21,20,1
21,21,0
21,22,1
21,23,0
21,24,1
21,25,0
22,1,0
22,2,1
22,3,0
22,4,1
22,5,0
22,6,1
22,7,0
22,8,0
22,9,1
22,10,0
22,11,1
22,12,0
22,13,1
22,14,0
22,15,1
22,16,0
22,17,1
22,18,0
22,19,1
22,20,0
22,21,1
22,22,0
22,23,1
22,24,0
22,25,1
23,1,0
23,2,1
23,3,0
23,4,1
23,5,0
23,6,1
23,7,0
23,8,0
23,9,1
23,10,0
23,11,1
23,12,0
23,13,1
23,14,0
23,15,1
23,16,0
23,17,1
23,18,0
23,19,1
23,20,0
23,21,1
23,22,0
23,23,1
23,24,1
23,25,0
24,1,0
24,2,1
24,3,0
24,4,1
24,5,0
24,6,1
24,7,0
24,8,0
24,9,1
24,10,0
24,11,1
24,12,0
24,13,1
24,14,0
24,15,1
24,16,0
24,17,1
24,18,0
24,19,1
24,20,0
24,21,1
24,22,1
24,23,0
24,24,1
24,25,0
25,1,0
25,2,1
25,3,0
25,4,1
25,5,0
25,6,1
25,7,0
25,8,0
25,9,1
25,10,0
25,11,1
25,12,0
25,13,1
25,14,0
25,15,1
25,16,0
25,17,1
25,18,0
25,19,1
25,20,1
25,21,0
25,22,1
25,23,0
25,24,1
25,25,0
26,1,0
26,2,1
26,3,0
26,4,1
26,5,0
26,6,1
26,7,0
26,8,0
26,9,1
26,10,0
26,11,1
26,12,0
26,13,1
26,14,0
26,15,1
26,16,0
26,17,1
26,18,1
26,19,0
26,20,1
26,21,0
26,22,1
26,23,0
26,24,1
26,25,0
27,1,0
27,2,1
27,3,0
27,4,1
27,5,0
27,6,1
27,7,0
27,8,0
27,9,1
27,10,0
27,11,1
27,12,0
27,13,1
27,14,0
27,15,1
27,16,1
27,17,0
27,18,1
27,19,0
27,20,1
27,21,0
27,22,1
27,23,0
27,24,1
27,25,0
28,1,0
28,2,1
28,3,0
28,4,1
28,5,0
28,6,1
28,7,0
28,8,0
28,9,1
28,10,0
28,11,1
28,12,0
28,13,1
28,14,1
28,15,0
28,16,1
28,17,0
28,18,1
28,19,0
28,20,1
28,21,0
28,22,1
28,23,0
28,24,1
28,25,0
29,1,0
29,2,1
29,3,0
29,4,1
29,5,0
29,6,1
29,7,0
29,8,0
29,9,1
29,10,0
29,11,1
29,12,1
29,13,0
29,14,1
29,15,0
29,16,1
29,17,0
29,18,1
29,19,0
29,20,1
29,21,0
29,22,1
29,23,0
29,24,1
29,25,0
30,1,0
30,2,1
30,3,0
30,4,1
30,5,0
30,6,1
30,7,0
30,8,0
30,9,1
30,10,1
30,11,0
30,12,1
30,13,0
30,14,1
30,15,0
30,16,1
30,17,0
30,18,1
30,19,0
30,20,1
30,21,0
30,22,1
30,23,0
30,24,1
30,25,0
31,1,0
31,2,1
31,3,0
31,4,1
31,5,0
31,6,1
31,7,0
31,8,1
31,9,0
31,10,0
31,11,1
31,12,0
31,13,1
31,14,0
31,15,1
31,16,0
31,17,1
31,18,0
31,19,1
31,20,0
31,21,1
31,22,0
31,23,1
31,24,0
31,25,1
32,1,0
32,2,1
32,3,0
32,4,1
32,5,0
32,6,1
32,7,0
32,8,1
32,9,0
32,10,0
32,11,1
32,12,0
32,13,1
32,14,0
32,15,1
32,16,0
32,17,1
32,18,0
32,19,1
32,20,0
32,21,1
32,22,0
32,23,1
32,24,1
32,25,0
33,1,0
33,2,1
33,3,0
33,4,1
33,5,0
33,6,1
33,7,0
33,8,1
33,9,0
33,10,0
33,11,1
33,12,0
33,13,1
33,14,0
33,15,1
33,16,0
33,17,1
33,18,0
33,19,1
33,20,0
33,21,1
33,22,1
33,23,0
33,24,1
33,25,0
34,1,0
34,2,1
34,3,0
34,4,1
34,5,0
34,6,1
34,7,0
34,8,1
34,9,0
34,10,0
34,11,1
34,12,0
34,13,1
34,14,0
34,15,1
34,16,0
34,17,1
34,18,0
34,19,1
34,20,1
34,21,0
34,22,1
34,23,0
34,24,1
34,25,0
35,1,0
35,2,1
35,3,0
35,4,1
35,5,0
35,6,1
35,7,0
35,8,1
35,9,0
35,10,0
35,11,1
35,12,0
35,13,1
35,14,0
35,15,1
35,16,0
35,17,1
35,18,1
35,19,0
35,20,1
35,21,0
35,22,1
35,23,0
35,24,1
35,25,0
36,1,0
36,2,1
36,3,0
36,4,1
36,5,0
36,6,1
36,7,0
36,8,1
36,9,0
36,10,0
36,11,1
36,12,0
36,13,1
36,14,0
36,15,1
36,16,1
36,17,0
36,18,1
36,19,0
36,20,1
36,21,0
36,22,1
36,23,0
36,24,1
36,25,0
37,1,0
37,2,1
37,3,0
37,4,1
37,5,0
37,6,1
37,7,0
37,8,1
37,9,0
37,10,0
37,11,1
37,12,0
37,13,1
37,14,1
37,15,0
37,16,1
37,17,0
37,18,1
37,19,0
37,20,1
37,21,0
37,22,1
37,23,0
37,24,1
37,25,0
38,1,0
38,2,1
38,3,0
38,4,1
38,5,0
38,6,1
38,7,0
38,8,1
38,9,0
38,10,0
38,11,1
38,12,1
38,13,0
38,14,1
38,15,0
38,16,1
38,17,0
38,18,1
38,19,0
38,20,1
38,21,0
38,22,1
38,23,0
38,24,1
38,25,0
39,1,0
39,2,1
39,3,0
39,4,1
39,5,0
39,6,1
39,7,0
39,8,1
39,9,0
39,10,1
39,11,0
39,12,0
39,13,1
39,14,0
39,15,1
39,16,0
39,17,1
39,18,0
39,19,1
39,20,0
39,21,1
39,22,0
39,23,1
39,24,0
39,25,1
40,1,0
40,2,1
40,3,0
40,4,1
40,5,0
40,6,1
40,7,0
40,8,1
40,9,0
40,10,1
40,11,0
40,12,0
40,13,1
40,14,0
40,15,1
40,16,0
40,17,1
40,18,0
40,19,1
40,20,0
40,21,1
40,22,0
40,23,1
40,24,1
40,25,0
41,1,0
41,2,1
41,3,0
41,4,1
41,5,0
41,6,1
41,7,0
41,8,1
41,9,0
41,10,1
41,11,0
41,12,0
41,13,1
41,14,0
41,15,1
41,16,0
41,17,1
41,18,0
41,19,1
41,20,0
41,21,1
41,22,1
41,23,0
41,24,1
41,25,0
42,1,0
42,2,1
42,3,0
42,4,1
42,5,0
42,6,1
42,7,0
42,8,1
42,9,0
42,10,1
42,11,0
42,12,0
42,13,1
42,14,0
42,15,1
42,16,0
42,17,1
42,18,0
42,19,1
42,20,1
42,21,0
42,22,1
42,23,0
42,24,1
42,25,0
43,1,0
43,2,1
43,3,0
43,4,1
43,5,0
43,6,1
43,7,0
43,8,1
43,9,0
43,10,1
43,11,0
43,12,0
43,13,1
43,14,0
43,15,1
43,16,0
43,17,1
43,18,1
43,19,0
43,20,1
43,21,0
43,22,1
43,23,0
43,24,1
43,25,0
44,1,0
44,2,1
44,3,0
44,4,1
44,5,0
44,6,1
44,7,0
44,8,1
44,9,0
44,10,1
44,11,0
44,12,0
44,13,1
44,14,0
44,15,1
44,16,1
44,17,0
44,18,1
44,19,0
44,20,1
44,21,0
44,22,1
44,23,0
44,24,1
44,25,0
45,1,0
45,2,1
45,3,0
45,4,1
45,5,0
45,6,1
45,7,0
45,8,1
45,9,0
45,10,1
45,11,0
45,12,0
45,13,1
45,14,1
45,15,0
45,16,1
45,17,0
45,18,1
45,19,0
45,20,1
45,21,0
45,22,1
45,23,0
45,24,1
45,25,0
46,1,0
46,2,1
46,3,0
46,4,1
46,5,0
46,6,1
46,7,0
46,8,1
46,9,0
46,10,1
46,11,0
46,12,1
46,13,0
46,14,0
46,15,1
46,16,0
46,17,1
46,18,0
46,19,1
46,20,0
46,21,1
46,22,0
46,23,1
46,24,0
46,25,1
47,1,0
47,2,1
47,3,0
47,4,1
47,5,0
47,6,1
47,7,0
47,8,1
47,9,0
47,10,1
47,11,0
47,12,1
47,13,0
47,14,0
47,15,1
47,16,0
47,17,1
47,18,0
47,19,1
47,20,0
47,21,1
47,22,0
47,23,1
47,24,1
47,25,0
48,1,0
48,2,1
48,3,0
48,4,1
48,5,0
48,6,1
48,7,0
48,8,1
48,9,0
48,10,1
48,11,0
48,12,1
48,13,0
48,14,0
48,15,1
48,16,0
48,17,1
48,18,0
48,19,1
48,20,0
48,21,1
48,22,1
48,23,0
48,24,1
48,25,0
49,1,0
49,2,1
49,3,0
49,4,1
49,5,0
49,6,1
49,7,0
49,8,1
49,9,0
49,10,1
49,11,0
49,12,1
49,13,0
49,14,0
49,15,1
49,16,0
49,17,1
49,18,0
49,19,1
49,20,1
49,21,0
49,22,1
49,23,0
49,24,1
49,25,0
50,1,0
50,2,1
50,3,0
50,4,1
50,5,0
50,6,1
50,7,0
50,8,1
50,9,0
50,10,1
50,11,0
50,12,1
50,13,0
50,14,0
50,15,1
50,16,0
50,17,1
50,18,1
50,19,0
50,20,1
50,21,0
50,22,1
50,23,0
50,24,1
50,25,0
51,1,0
51,2,1
51,3,0
51,4,1
51,5,0
51,6,1
51,7,0
51,8,1
51,9,0
51,10,1
51,11,0
51,12,1
51,13,0
51,14,0
51,15,1
51,16,1
51,17,0
51,18,1
51,19,0
51,20,1
51,21,0
51,22,1
51,23,0
51,24,1
51,25,0
52,1,0
52,2,1
52,3,0
52,4,1
52,5,0
52,6,1
52,7,0
52,8,1
52,9,0
52,10,1
52,11,0
52,12,1
52,13,0
52,14,1
52,15,0
52,16,0
52,17,1
52,18,0
52,19,1
52,20,0
52,21,1
52,22,0
52,23,1
52,24,0
52,25,1
53,1,0
53,2,1
53,3,0
53,4,1
53,5,0
53,6,1
53,7,0
53,8,1
53,9,0
53,10,1
53,11,0
53,12,1
53,13,0
53,14,1
53,15,0
53,16,0
53,17,1
53,18,0
53,19,1
53,20,0
53,21,1
53,22,0
53,23,1
53,24,1
53,25,0
54,1,0
54,2,1
54,3,0
54,4,1
54,5,0
54,6,1
54,7,0
54,8,1
54,9,0
54,10,1
54,11,0
54,12,1
54,13,0
54,14,1
54,15,0
54,16,0
54,17,1
54,18,0
54,19,1
54,20,0
54,21,1
54,22,1
54,23,0
54,24,1
54,25,0
55,1,0
55,2,1
55,3,0
55,4,1
55,5,0
55,6,1
55,7,0
55,8,1
55,9,0
55,10,1
55,11,0
55,12,1
55,13,0
55,14,1
55,15,0
55,16,0
55,17,1
55,18,0
55,19,1
55,20,1
55,21,0
55,22,1
55,23,0
55,24,1
55,25,0
56,1,0
56,2,1
56,3,0
56,4,1
56,5,0
56,6,1
56,7,0
56,8,1
56,9,0
56,10,1
56,11,0
56,12,1
56,13,0
56,14,1
56,15,0
56,16,0
56,17,1
56,18,1
56,19,0
56,20,1
56,21,0
56,22,1
56,23,0
56,24,1
56,25,0
57,1,0
57,2,1
57,3,0
57,4,1
57,5,0
57,6,1
57,7,0
57,8,1
57,9,0
57,10,1
57,11,0
57,12,1
57,13,0
57,14,1
57,15,0
57,16,1
57,17,0
57,18,0
57,19,1
57,20,0
57,21,1
57,22,0
57,23,1
57,24,0
57,25,1
58,1,0
58,2,1
58,3,0
58,4,1
58,5,0
58,6,1
58,7,0
58,8,1
58,9,0
58,10,1
58,11,0
58,12,1
58,13,0
58,14,1
58,15,0
58,16,1
58,17,0
58,18,0
58,19,1
58,20,0
58,21,1
58,22,0
58,23,1
58,24,1
58,25,0
59,1,0
59,2,1
59,3,0
59,4,1
59,5,0
59,6,1
59,7,0
59,8,1
59,9,0
59,10,1
59,11,0
59,12,1
59,13,0
59,14,1
59,15,0
59,16,1
59,17,0
59,18,0
59,19,1
59,20,0
59,21,1
59,22,1
59,23,0
59,24,1
59,25,0
60,1,0
60,2,1
60,3,0
60,4,1
60,5,0
60,6,1
60,7,0
60,8,1
60,9,0
60,10,1
60,11,0
60,12,1
60,13,0
60,14,1
60,15,0
60,16,1
60,17,0
60,18,0
60,19,1
60,20,1
60,21,0
60,22,1
60,23,0
60,24,1
60,25,0
61,1,0
61,2,1
61,3,0
61,4,1
61,5,0
61,6,1
61,7,0
61,8,1
61,9,0
61,10,1
61,11,0
61,12,1
61,13,0
61,14,1
61,15,0
61,16,1
61,17,0
61,18,1
61,19,0
61,20,0
61,21,1
61,22,0
61,23,1
61,24,0
61,25,1
62,1,0
62,2,1
62,3,0
62,4,1
62,5,0
62,6,1
62,7,0
62,8,1
62,9,0
62,10,1
62,11,0
62,12,1
62,13,0
62,14,1
62,15,0
62,16,1
62,17,0
62,18,1
62,19,0
62,20,0
62,21,1
62,22,0
62,23,1
62,24,1
62,25,0
63,1,0
63,2,1
63,3,0
63,4,1
63,5,0
63,6,1
63,7,0
63,8,1
63,9,0
63,10,1
63,11,0
63,12,1
63,13,0
63,14,1
63,15,0
63,16,1
63,17,0
63,18,1
63,19,0
63,20,0
63,21,1
63,22,1
63,23,0
63,24,1
63,25,0
64,1,0
64,2,1
64,3,0
64,4,1
64,5,0
64,6,1
64,7,0
64,8,1
64,9,0
64,10,1
64,11,0
64,12,1
64,13,0
64,14,1
64,15,0
64,16,1
64,17,0
64,18,1
64,19,0
64,20,1
64,21,0
64,22,0
64,23,1
64,24,0
64,25,1
65,1,0
65,2,1
65,3,0
65,4,1
65,5,0
65,6,1
65,7,0
65,8,1
65,9,0
65,10,1
65,11,0
65,12,1
65,13,0
65,14,1
65,15,0
65,16,1
65,17,0
65,18,1
65,19,0
65,20,1
65,21,0
65,22,0
65,23,1
65,24,1
65,25,0
66,1,0
66,2,1
66,3,0
66,4,1
66,5,0
66,6,1
66,7,0
66,8,1
66,9,0
66,10,1
66,11,0
66,12,1
66,13,0
66,14,1
66,15,0
66,16,1
66,17,0
66,18,1
66,19,0
66,20,1
66,21,0
66,22,1
66,23,0
66,24,0
66,25,1
67,1,0
67,2,1
67,3,0
67,4,1
67,5,0
67,6,1
67,7,0
67,8,1
67,9,0
67,10,1
67,11,0
67,12,1
67,13,0
67,14,1
67,15,0
67,16,1
67,17,0
67,18,1
67,19,0
67,20,1
67,21,0
67,22,1
67,23,0
67,24,1
67,25,0
68,1,0
68,2,1
68,3,0
68,4,1
68,5,0
68,6,1
68,7,0
68,8,1
68,9,0
68,10,1
68,11,0
68,12,1
68,13,0
68,14,1
68,15,0
68,16,1
68,17,0
68,18,1
68,19,0
68,20,1
68,21,0
68,22,1
68,23,1
68,24,0
68,25,1
69,1,0
69,2,1
69,3,0
69,4,1
69,5,0
69,6,1
69,7,0
69,8,1
69,9,0
69,10,1
69,11,0
69,12,1
69,13,0
69,14,1
69,15,0
69,16,1
69,17,0
69,18,1
69,19,0
69,20,1
69,21,1
69,22,0
69,23,0
69,24,1
69,25,0
70,1,0
70,2,1
70,3,0
70,4,1
70,5,0
70,6,1
70,7,0
70,8,1
70,9,0
70,10,1
70,11,0
70,12,1
70,13,0
70,14,1
70,15,0
70,16,1
70,17,0
70,18,1
70,19,0
70,20,1
70,21,1
70,22,0
70,23,1
70,24,0
70,25,1
71,1,0
71,2,1
71,3,0
71,4,1
71,5,0
71,6,1
71,7,0
71,8,1
71,9,0
71,10,1
71,11,0
71,12,1
71,13,0
71,14,1
71,15,0
71,16,1
71,17,0
71,18,1
71,19,1
71,20,0
71,21,0
71,22,1
71,23,0
71,24,1
71,25,0
72,1,0
72,2,1
72,3,0
72,4,1
72,5,0
72,6,1
72,7,0
72,8,1
72,9,0
72,10,1
72,11,0
72,12,1
72,13,0
72,14,1
72,15,0
72,16,1
72,17,0
72,18,1
72,19,1
72,20,0
72,21,1
72,22,0
72,23,0
72,24,1
72,25,0
73,1,0
73,2,1
73,3,0
73,4,1
73,5,0
73,6,1
73,7,0
73,8,1
73,9,0
73,10,1
73,11,0
73,12,1
73,13,0
73,14,1
73,15,0
73,16,1
73,17,0
73,18,1
73,19,1
73,20,0
73,21,1
73,22,0
73,23,1
73,24,0
73,25,1
74,1,0
74,2,1
74,3,0
74,4,1
74,5,0
74,6,1
74,7,0
74,8,1
74,9,0
74,10,1
74,11,0
74,12,1
74,13,0
74,14,1
74,15,0
74,16,1
74,17,1
74,18,0
74,19,0
74,20,1
74,21,0
74,22,1
74,23,0
74,24,1
74,25,0
75,1,0
75,2,1
75,3,0
75,4,1
75,5,0
75,6,1
75,7,0
75,8,1
75,9,0
75,10,1
75,11,0
75,12,1
75,13,0
75,14,1
75,15,0
75,16,1
75,17,1
75,18,0
75,19,1
75,20,0
75,21,0
75,22,1
75,23,0
75,24,1
75,25,0
76,1,0
76,2,1
76,3,0
76,4,1
76,5,0
76,6,1
76,7,0
76,8,1
76,9,0
76,10,1
76,11,0
76,12,1
76,13,0
76,14,1
76,15,0
76,16,1
76,17,1
76,18,0
76,19,1
76,20,0
76,21,1
76,22,0
76,23,0
76,24,1
76,25,0
77,1,0
77,2,1
77,3,0
77,4,1
77,5,0
77,6,1
77,7,0
77,8,1
77,9,0
77,10,1
77,11,0
77,12,1
77,13,0
77,14,1
77,15,0
77,16,1
77,17,1
77,18,0
77,19,1
77,20,0
77,21,1
77,22,0
77,23,1
77,24,0
77,25,1
78,1,0
78,2,1
78,3,0
78,4,1
78,5,0
78,6,1
78,7,0
78,8,1
78,9,0
78,10,1
78,11,0
78,12,1
78,13,0
78,14,1
78,15,1
78,16,0
78,17,0
78,18,1
78,19,0
78,20,1
78,21,0
78,22,1
78,23,0
78,24,1
78,25,0
79,1,0
79,2,1
79,3,0
79,4,1
79,5,0
79,6,1
79,7,0
79,8,1
79,9,0
79,10,1
79,11,0
79,12,1
79,13,0
79,14,1
79,15,1
79,16,0
79,17,1
79,18,0
79,19,0
79,20,1
79,21,0
79,22,1
79,23,0
79,24,1
79,25,0
80,1,0
80,2,1
80,3,0
80,4,1
80,5,0
80,6,1
80,7,0
80,8,1
80,9,0
80,10,1
80,11,0
80,12,1
80,13,0
80,14,1
80,15,1
80,16,0
80,17,1
80,18,0
80,19,1
80,20,0
80,21,0
80,22,1
80,23,0
80,24,1
80,25,0
81,1,0
81,2,1
81,3,0
81,4,1
81,5,0
81,6,1
81,7,0
81,8,1
81,9,0
81,10,1
81,11,0
81,12,1
81,13,0
81,14,1
81,15,1
81,16,0
81,17,1
81,18,0
81,19,1
81,20,0
81,21,1
81,22,0
81,23,0
81,24,1
81,25,0
82,1,0
82,2,1
82,3,0
82,4,1
82,5,0
82,6,1
82,7,0
82,8,1
82,9,0
82,10,1
82,11,0
82,12,1
82,13,0
82,14,1
82,15,1
82,16,0
82,17,1
82,18,0
82,19,1
82,20,0
82,21,1
82,22,0
82,23,1
82,24,0
82,25,1
83,1,0
83,2,1
83,3,0
83,4,1
83,5,0
83,6,1
83,7,0
83,8,1
83,9,0
83,10,1
83,11,0
83,12,1
83,13,1
83,14,0
83,15,0
83,16,1
83,17,0
83,18,1
83,19,0
83,20,1
83,21,0
83,22,1
83,23,0
83,24,1
83,25,0
84,1,0
84,2,1
84,3,0
84,4,1
84,5,0
84,6,1
84,7,0
84,8,1
84,9,0
84,10,1
84,11,0
84,12,1
84,13,1
84,14,0
84,15,1
84,16,0
84,17,0
84,18,1
84,19,0
84,20,1
84,21,0
84,22,1
84,23,0
84,24,1
84,25,0
85,1,0
85,2,1
85,3,0
85,4,1
85,5,0
85,6,1
85,7,0
85,8,1
85,9,0
85,10,1
85,11,0
85,12,1
85,13,1
85,14,0
85,15,1
85,16,0
85,17,1
85,18,0
85,19,0
85,20,1
85,21,0
85,22,1
85,23,0
85,24,1
85,25,0
86,1,0
86,2,1
86,3,0
86,4,1
86,5,0
86,6,1
86,7,0
86,8,1
86,9,0
86,10,1
86,11,0
86,12,1
86,13,1
86,14,0
86,15,1
86,16,0
86,17,1
86,18,0
86,19,1
86,20,0
86,21,0
86,22,1
86,23,0
86,24,1
86,25,0
87,1,0
87,2,1
87,3,0
87,4,1
87,5,0
87,6,1
87,7,0
87,8,1
87,9,0
87,10,1
87,11,0
87,12,1
87,13,1
87,14,0
87,15,1
87,16,0
87,17,1
87,18,0
87,19,1
87,20,0
87,21,1
87,22,0
87,23,0
87,24,1
87,25,0
88,1,0
88,2,1
88,3,0
88,4,1
88,5,0
88,6,1
88,7,0
88,8,1
88,9,0
88,10,1
88,11,0
88,12,1
88,13,1
88,14,0
88,15,1
88,16,0
88,17,1
88,18,0
88,19,1
88,20,0
88,21,1
88,22,0
88,23,1
88,24,0
88,25,1
89,1,0
89,2,1
89,3,0
89,4,1
89,5,0
89,6,1
89,7,0
89,8,1
89,9,0
89,10,1
89,11,1
89,12,0
89,13,0
89,14,1
89,15,0
89,16,1
89,17,0
89,18,1
89,19,0
89,20,1
89,21,0
89,22,1
89,23,0
89,24,1
89,25,0
90,1,0
90,2,1
90,3,0
90,4,1
90,5,0
90,6,1
90,7,0
90,8,1
90,9,0
90,10,1
90,11,1
90,12,0
90,13,1
90,14,0
90,15,0
90,16,1
90,17,0
90,18,1
90,19,0
90,20,1
90,21,0
90,22,1
90,23,0
90,24,1
90,25,0
91,1,0
91,2,1
91,3,0
91,4,1
91,5,0
91,6,1
91,7,0
91,8,1
91,9,0
91,10,1
91,11,1
91,12,0
91,13,1
91,14,0
91,15,1
91,16,0
91,17,0
91,18,1
91,19,0
91,20,1
91,21,0
91,22,1
91,23,0
91,24,1
91,25,0
92,1,0
92,2,1
92,3,0
92,4,1
92,5,0
92,6,1
92,7,0
92,8,1
92,9,0
92,10,1
92,11,1
92,12,0
92,13,1
92,14,0
92,15,1
92,16,0
92,17,1
92,18,0
92,19,0
92,20,1
92,21,0
92,22,1
92,23,0
92,24,1
92,25,0
93,1,0
93,2,1
93,3,0
93,4,1
93,5,0
93,6,1
93,7,0
93,8,1
93,9,0
93,10,1
93,11,1
93,12,0
93,13,1
93,14,0
93,15,1
93,16,0
93,17,1
93,18,0
93,19,1
93,20,0
93,21,0
93,22,1
93,23,0
93,24,1
93,25,0
94,1,0
94,2,1
94,3,0
94,4,1
94,5,0
94,6,1
94,7,0
94,8,1
94,9,0
94,10,1
94,11,1
94,12,0
94,13,1
94,14,0
94,15,1
94,16,0
94,17,1
94,18,0
94,19,1
94,20,0
94,21,1
94,22,0
94,23,0
94,24,1
94,25,0
95,1,0
95,2,1
95,3,0
95,4,1
95,5,0
95,6,1
95,7,0
95,8,1
95,9,0
95,10,1
95,11,1
95,12,0
95,13,1
95,14,0
95,15,1
95,16,0
95,17,1
95,18,0
95,19,1
95,20,0
95,21,1
95,22,0
95,23,1
95,24,0
95,25,1
96,1,0
96,2,1
96,3,0
96,4,1
96,5,0
96,6,1
96,7,0
96,8,1
96,9,1
96,10,0
96,11,0
96,12,1
96,13,0
96,14,1
96,15,0
96,16,1
96,17,0
96,18,1
96,19,0
96,20,1
96,21,0
96,22,1
96,23,0
96,24,1
96,25,0
97,1,0
97,2,1
97,3,0
97,4,1
97,5,0
97,6,1
97,7,0
97,8,1
97,9,1
97,10,0
97,11,1
97,12,0
97,13,0
97,14,1
97,15,0
97,16,1
97,17,0
97,18,1
97,19,0
97,20,1
97,21,0
97,22,1
97,23,0
97,24,1
97,25,0
98,1,0
98,2,1
98,3,0
98,4,1
98,5,0
98,6,1
98,7,0
98,8,1
98,9,1
98,10,0
98,11,1
98,12,0
98,13,1
98,14,0
98,15,0
98,16,1
98,17,0
98,18,1
98,19,0
98,20,1
98,21,0
98,22,1
98,23,0
98,24,1
98,25,0
99,1,0
99,2,1
99,3,0
99,4,1
99,5,0
99,6,1
99,7,0
99,8,1
99,9,1
99,10,0
99,11,1
99,12,0
99,13,1
99,14,0
99,15,1
99,16,0
99,17,0
99,18,1
99,19,0
99,20,1
99,21,0
99,22,1
99,23,0
99,24,1
99,25,0
100,1,0
100,2,1
100,3,0
100,4,1
100,5,0
100,6,1
100,7,0
100,8,1
100,9,1
100,10,0
100,11,1
100,12,0
100,13,1
100,14,0
100,15,1
100,16,0
100,17,1
100,18,0
100,19,0
100,20,1
100,21,0
100,22,1
100,23,0
100,24,1
100,25,0
101,1,0
101,2,1
101,3,0
101,4,1
101,5,0
101,6,1
101,7,0
101,8,1
101,9,1
101,10,0
101,11,1
101,12,0
101,13,1
101,14,0
101,15,1
101,16,0
101,17,1
101,18,0
101,19,1
101,20,0
101,21,0
101,22,1
101,23,0
101,24,1
101,25,0
102,1,0
102,2,1
102,3,0
102,4,1
102,5,0
102,6,1
102,7,0
102,8,1
102,9,1
102,10,0
102,11,1
102,12,0
102,13,1
102,14,0
102,15,1
102,16,0
102,17,1
102,18,0
102,19,1
102,20,0
102,21,1
102,22,0
102,23,0
102,24,1
102,25,0
103,1,0
103,2,1
103,3,0
103,4,1
103,5,0
103,6,1
103,7,0
103,8,1
103,9,1
103,10,0
103,11,1
103,12,0
103,13,1
103,14,0
103,15,1
103,16,0
103,17,1
103,18,0
103,19,1
103,20,0
103,21,1
103,22,0
103,23,1
103,24,0
103,25,1
104,1,0
104,2,1
104,3,0
104,4,1
104,5,0
104,6,1
104,7,1
104,8,0
104,9,0
104,10,1
104,11,0
104,12,1
104,13,0
104,14,1
104,15,0
104,16,1
104,17,0
104,18,1
104,19,0
104,20,1
104,21,0
104,22,1
104,23,0
104,24,1
104,25,0
105,1,0
105,2,1
105,3,0
105,4,1
105,5,0
105,6,1
105,7,1
105,8,0
105,9,1
105,10,0
105,11,0
105,12,1
105,13,0
105,14,1
105,15,0
105,16,1
105,17,0
105,18,1
105,19,0
105,20,1
105,21,0
105,22,1
105,23,0
105,24,1
105,25,0
106,1,0
106,2,1
106,3,0
106,4,1
106,5,0
106,6,1
106,7,1
106,8,0
106,9,1
106,10,0
106,11,1
106,12,0
106,13,0
106,14,1
106,15,0
106,16,1
106,17,0
106,18,1
106,19,0
106,20,1
106,21,0
106,22,1
106,23,0
106,24,1
106,25,0
107,1,0
107,2,1
107,3,0
107,4,1
107,5,0
107,6,1
107,7,1
107,8,0
107,9,1
107,10,0
107,11,1
107,12,0
107,13,1
107,14,0
107,15,0
107,16,1
107,17,0
107,18,1
107,19,0
107,20,1
107,21,0
107,22,1
107,23,0
107,24,1
107,25,0
108,1,0
108,2,1
108,3,0
108,4,1
108,5,0
108,6,1
108,7,1
108,8,0
108,9,1
108,10,0
108,11,1
108,12,0
108,13,1
108,14,0
108,15,1
108,16,0
108,17,0
108,18,1
108,19,0
108,20,1
108,21,0
108,22,1
108,23,0
108,24,1
108,25,0
109,1,0
109,2,1
109,3,0
109,4,1
109,5,0
109,6,1
109,7,1
109,8,0
109,9,1
109,10,0
109,11,1
109,12,0
109,13,1
109,14,0
109,15,1
109,16,0
109,17,1
109,18,0
109,19,0
109,20,1
109,21,0
109,22,1
109,23,0
109,24,1
109,25,0
110,1,0
110,2,1
110,3,0
110,4,1
110,5,0
110,6,1
110,7,1
110,8,0
110,9,1
110,10,0
110,11,1
110,12,0
110,13,1
110,14,0
110,15,1
110,16,0
110,17,1
110,18,0
110,19,1
110,20,0
110,21,0
110,22,1
110,23,0
110,24,1
110,25,0
111,1,0
111,2,1
111,3,0
111,4,1
111,5,0
111,6,1
111,7,1
111,8,0
111,9,1
111,10,0
111,11,1
111,12,0
111,13,1
111,14,0
111,15,1
111,16,0
111,17,1
111,18,0
111,19,1
111,20,0
111,21,1
111,22,0
111,23,0
111,24,1
111,25,0
112,1,0
112,2,1
112,3,0
112,4,1
112,5,0
112,6,1
112,7,1
112,8,0
112,9,1
112,10,0
112,11,1
112,12,0
112,13,1
112,14,0
112,15,1
112,16,0
112,17,1
112,18,0
112,19,1
112,20,0
112,21,1
112,22,0
112,23,1
112,24,0
112,25,1
113,1,0
113,2,1
113,3,0
113,4,1
113,5,1
113,6,0
113,7,0
113,8,1
113,9,0
113,10,1
113,11,0
113,12,1
113,13,0
113,14,1
113,15,0
113,16,1
113,17,0
113,18,1
113,19,0
113,20,1
113,21,0
113,22,1
113,23,0
113,24,1
113,25,0
114,1,0
114,2,1
114,3,0
114,4,1
114,5,1
114,6,0
114,7,1
114,8,0
114,9,0
114,10,1
114,11,0
114,12,1
114,13,0
114,14,1
114,15,0
114,16,1
114,17,0
114,18,1
114,19,0
114,20,1
114,21,0
114,22,1
114,23,0
114,24,1
114,25,0
115,1,0
115,2,1
115,3,0
115,4,1
115,5,1
115,6,0
115,7,1
115,8,0
115,9,1
115,10,0
115,11,0
115,12,1
115,13,0
115,14,1
115,15,0
115,16,1
115,17,0
115,18,1
115,19,0
115,20,1
115,21,0
115,22,1
115,23,0
115,24,1
115,25,0
116,1,0
116,2,1
116,3,0
116,4,1
116,5,1
116,6,0
116,7,1
116,8,0
116,9,1
116,10,0
116,11,1
116,12,0
116,13,0
116,14,1
116,15,0
116,16,1
116,17,0
116,18,1
116,19,0
116,20,1
116,21,0
116,22,1
116,23,0
116,24,1
116,25,0
117,1,0
117,2,1
117,3,0
117,4,1
117,5,1
117,6,0
117,7,1
117,8,0
117,9,1
117,10,0
117,11,1
117,12,0
117,13,1
117,14,0
117,15,0
117,16,1
117,17,0
117,18,1
117,19,0
117,20,1
117,21,0
117,22,1
117,23,0
117,24,1
117,25,0
118,1,0
118,2,1
118,3,0
118,4,1
118,5,1
118,6,0
118,7,1
118,8,0
118,9,1
118,10,0
118,11,1
118,12,0
118,13,1
118,14,0
118,15,1
118,16,0
118,17,0
118,18,1
118,19,0
118,20,1
118,21,0
118,22,1
118,23,0
118,24,1
118,25,0
119,1,0
119,2,1
119,3,0
119,4,1
119,5,1
119,6,0
119,7,1
119,8,0
119,9,1
119,10,0
119,11,1
119,12,0
119,13,1
119,14,0
119,15,1
119,16,0
119,17,1
119,18,0
119,19,0
119,20,1
119,21,0
119,22,1
119,23,0
119,24,1
119,25,0
120,1,0
120,2,1
120,3,0
120,4,1
120,5,1
120,6,0
120,7,1
120,8,0
120,9,1
120,10,0
120,11,1
120,12,0
120,13,1
120,14,0
120,15,1
120,16,0
120,17,1
120,18,0
120,19,1
120,20,0
120,21,0
120,22,1
120,23,0
120,24,1
120,25,0
121,1,0
121,2,1
121,3,0
121,4,1
121,5,1
121,6,0
121,7,1
121,8,0
121,9,1
121,10,0
121,11,1
121,12,0
121,13,1
121,14,0
121,15,1
121,16,0
121,17,1
121,18,0
121,19,1
121,20,0
121,21,1
121,22,0
121,23,0
121,24,1
121,25,0
122,1,0
122,2,1
122,3,0
122,4,1
122,5,1
122,6,0
122,7,1
122,8,0
122,9,1
122,10,0
122,11,1
122,12,0
122,13,1
122,14,0
122,15,1
122,16,0
122,17,1
122,18,0
122,19,1
122,20,0
122,21,1
122,22,0
122,23,1
122,24,0
122,25,1
123,1,0
123,2,1
123,3,1
123,4,0
123,5,0
123,6,1
123,7,0
123,8,1
123,9,0
123,10,1
123,11,0
123,12,1
123,13,0
123,14,1
123,15,0
123,16,1
123,17,0
123,18,1
123,19,0
123,20,1
123,21,0
123,22,1
123,23,0
123,24,1
123,25,0
124,1,0
124,2,1
124,3,1
124,4,0
124,5,1
124,6,0
124,7,0
124,8,1
124,9,0
124,10,1
124,11,0
124,12,1
124,13,0
124,14,1
124,15,0
124,16,1
124,17,0
124,18,1
124,19,0
124,20,1
124,21,0
124,22,1
124,23,0
124,24,1
124,25,0
125,1,0
125,2,1
125,3,1
125,4,0
125,5,1
125,6,0
125,7,1
125,8,0
125,9,0
125,10,1
125,11,0
125,12,1
125,13,0
125,14,1
125,15,0
125,16,1
125,17,0
125,18,1
125,19,0
125,20,1
125,21,0
125,22,1
125,23,0
125,24,1
125,25,0
126,1,0
126,2,1
126,3,1
126,4,0
126,5,1
126,6,0
126,7,1
126,8,0
126,9,1
126,10,0
126,11,0
126,12,1
126,13,0
126,14,1
126,15,0
126,16,1
126,17,0
126,18,1
126,19,0
126,20,1
126,21,0
126,22,1
126,23,0
126,24,1
126,25,0
127,1,0
127,2,1
127,3,1
127,4,0
127,5,1
127,6,0
127,7,1
127,8,0
127,9,1
127,10,0
127,11,1
127,12,0
127,13,0
127,14,1
127,15,0
127,16,1
127,17,0
127,18,1
127,19,0
127,20,1
127,21,0
127,22,1
127,23,0
127,24,1
127,25,0
128,1,0
128,2,1
128,3,1
128,4,0
128,5,1
128,6,0
128,7,1
128,8,0
128,9,1
128,10,0
128,11,1
128,12,0
128,13,1
128,14,0
128,15,0
128,16,1
128,17,0
128,18,1
128,19,0
128,20,1
128,21,0
128,22,1
128,23,0
128,24,1
128,25,0
129,1,0
129,2,1
129,3,1
129,4,0
129,5,1
129,6,0
129,7,1
129,8,0
129,9,1
129,10,0
129,11,1
129,12,0
129,13,1
129,14,0
129,15,1
129,16,0
129,17,0
129,18,1
129,19,0
129,20,1
129,21,0
129,22,1
129,23,0
129,24,1
129,25,0
130,1,0
130,2,1
130,3,1
130,4,0
130,5,1
130,6,0
130,7,1
130,8,0
130,9,1
130,10,0
130,11,1
130,12,0
130,13,1
130,14,0
130,15,1
130,16,0
130,17,1
130,18,0
130,19,0
130,20,1
130,21,0
130,22,1
130,23,0
130,24,1
130,25,0
131,1,0
131,2,1
131,3,1
131,4,0
131,5,1
131,6,0
131,7,1
131,8,0
131,9,1
131,10,0
131,11,1
131,12,0
131,13,1
131,14,0
131,15,1
131,16,0
131,17,1
131,18,0
131,19,1
131,20,0
131,21,0
131,22,1
131,23,0
131,24,1
131,25,0
132,1,0
132,2,1
132,3,1
132,4,0
132,5,1
132,6,0
132,7,1
132,8,0
132,9,1
132,10,0
132,11,1
132,12,0
132,13,1
132,14,0
132,15,1
132,16,0
132,17,1
132,18,0
132,19,1
132,20,0
132,21,1
132,22,0
132,23,0
132,24,1
132,25,0
133,1,0
133,2,1
133,3,1
133,4,0
133,5,1
133,6,0
133,7,1
133,8,0
133,9,1
133,10,0
133,11,1
133,12,0
133,13,1
133,14,0
133,15,1
133,16,0
133,17,1
133,18,0
133,19,1
133,20,0
133,21,1
133,22,0
133,23,1
133,24,0
133,25,1
134,1,1
134,2,0
134,3,0
134,4,1
134,5,0
134,6,1
134,7,0
134,8,1
134,9,0
134,10,1
134,11,0
134,12,1
134,13,0
134,14,1
134,15,0
134,16,1
134,17,0
134,18,1
134,19,0
134,20,1
134,21,0
134,22,1
134,23,0
134,24,1
134,25,0
135,1,1
135,2,0
135,3,0
135,4,1
135,5,0
135,6,1
135,7,0
135,8,1
135,9,0
135,10,1
135,11,0
135,12,1
135,13,0
135,14,1
135,15,0
135,16,1
135,17,0
135,18,1
135,19,0
135,20,1
135,21,0
135,22,1
135,23,1
135,24,0
135,25,1
136,1,1
136,2,0
136,3,0
136,4,1
136,5,0
136,6,1
136,7,0
136,8,1
136,9,0
136,10,1
136,11,0
136,12,1
136,13,0
136,14,1
136,15,0
136,16,1
136,17,0
136,18,1
136,19,0
136,20,1
136,21,1
136,22,0
136,23,1
136,24,0
136,25,1
137,1,1
137,2,0
137,3,0
137,4,1
137,5,0
137,6,1
137,7,0
137,8,1
137,9,0
137,10,1
137,11,0
137,12,1
137,13,0
137,14,1
137,15,0
137,16,1
137,17,0
137,18,1
137,19,1
137,20,0
137,21,1
137,22,0
137,23,1
137,24,0
137,25,1
138,1,1
138,2,0
138,3,0
138,4,1
138,5,0
138,6,1
138,7,0
138,8,1
138,9,0
138,10,1
138,11,0
138,12,1
138,13,0
138,14,1
138,15,0
138,16,1
138,17,1
138,18,0
138,19,1
138,20,0
138,21,1
138,22,0
138,23,1
138,24,0
138,25,1
139,1,1
139,2,0
139,3,0
139,4,1
139,5,0
139,6,1
139,7,0
139,8,1
139,9,0
139,10,1
139,11,0
139,12,1
139,13,0
139,14,1
139,15,1
139,16,0
139,17,1
139,18,0
139,19,1
139,20,0
139,21,1
139,22,0
139,23,1
139,24,0
139,25,1
140,1,1
140,2,0
140,3,0
140,4,1
140,5,0
140,6,1
140,7,0
140,8,1
140,9,0
140,10,1
140,11,0
140,12,1
140,13,1
140,14,0
140,15,1
140,16,0
140,17,1
140,18,0
140,19,1
140,20,0
140,21,1
140,22,0
140,23,1
140,24,0
140,25,1
141,1,1
141,2,0
141,3,0
141,4,1
141,5,0
141,6,1
141,7,0
141,8,1
141,9,0
141,10,1
141,11,1
141,12,0
141,13,1
141,14,0
141,15,1
141,16,0
141,17,1
141,18,0
141,19,1
141,20,0
141,21,1
141,22,0
141,23,1
141,24,0
141,25,1
142,1,1
142,2,0
142,3,0
142,4,1
142,5,0
142,6,1
142,7,0
142,8,1
142,9,1
142,10,0
142,11,1
142,12,0
142,13,1
142,14,0
142,15,1
142,16,0
142,17,1
142,18,0
142,19,1
142,20,0
142,21,1
142,22,0
142,23,1
142,24,0
142,25,1
143,1,1
143,2,0
143,3,0
143,4,1
143,5,0
143,6,1
143,7,1
143,8,0
143,9,1
143,10,0
143,11,1
143,12,0
143,13,1
143,14,0
143,15,1
143,16,0
143,17,1
143,18,0
143,19,1
143,20,0
143,21,1
143,22,0
143,23,1
143,24,0
143,25,1
144,1,1
144,2,0
144,3,0
144,4,1
144,5,1
144,6,0
144,7,1
144,8,0
144,9,1
144,10,0
144,11,1
144,12,0
144,13,1
144,14,0
144,15,1
144,16,0
144,17,1
144,18,0
144,19,1
144,20,0
144,21,1
144,22,0
144,23,1
144,24,0
144,25,1
145,1,1
145,2,0
145,3,1
145,4,0
145,5,0
145,6,1
145,7,0
145,8,1
145,9,0
145,10,1
145,11,0
145,12,1
145,13,0
145,14,1
145,15,0
145,16,1
145,17,0
145,18,1
145,19,0
145,20,1
145,21,0
145,22,1
145,23,0
145,24,1
145,25,0
146,1,1
146,2,0
146,3,1
146,4,0
146,5,0
146,6,1
146,7,0
146,8,1
146,9,0
146,10,1
146,11,0
146,12,1
146,13,0
146,14,1
146,15,0
146,16,1
146,17,0
146,18,1
146,19,0
146,20,1
146,21,0
146,22,1
146,23,1
146,24,0
146,25,1
147,1,1
147,2,0
147,3,1
147,4,0
147,5,0
147,6,1
147,7,0
147,8,1
147,9,0
147,10,1
147,11,0
147,12,1
147,13,0
147,14,1
147,15,0
147,16,1
147,17,0
147,18,1
147,19,0
147,20,1
147,21,1
147,22,0
147,23,1
147,24,0
147,25,1
148,1,1
148,2,0
148,3,1
148,4,0
148,5,0
148,6,1
148,7,0
148,8,1
148,9,0
148,10,1
148,11,0
148,12,1
148,13,0
148,14,1
148,15,0
148,16,1
148,17,0
148,18,1
148,19,1
148,20,0
148,21,1
148,22,0
148,23,1
148,24,0
148,25,1
149,1,1
149,2,0
149,3,1
149,4,0
149,5,0
149,6,1
149,7,0
149,8,1
149,9,0
149,10,1
149,11,0
149,12,1
149,13,0
149,14,1
149,15,0
149,16,1
149,17,1
149,18,0
149,19,1
149,20,0
149,21,1
149,22,0
149,23,1
149,24,0
149,25,1
150,1,1
150,2,0
150,3,1
150,4,0
150,5,0
150,6,1
150,7,0
150,8,1
150,9,0
150,10,1
150,11,0
150,12,1
150,13,0
150,14,1
150,15,1
150,16,0
150,17,1
150,18,0
150,19,1
150,20,0
150,21,1
150,22,0
150,23,1
150,24,0
150,25,1
151,1,1
151,2,0
151,3,1
151,4,0
151,5,0
151,6,1
151,7,0
151,8,1
151,9,0
151,10,1
151,11,0
151,12,1
151,13,1
151,14,0
151,15,1
151,16,0
151,17,1
151,18,0
151,19,1
151,20,0
151,21,1
151,22,0
151,23,1
151,24,0
151,25,1
152,1,1
152,2,0
152,3,1
152,4,0
152,5,0
152,6,1
152,7,0
152,8,1
152,9,0
152,10,1
152,11,1
152,12,0
152,13,1
152,14,0
152,15,1
152,16,0
152,17,1
152,18,0
152,19,1
152,20,0
152,21,1
152,22,0
152,23,1
152,24,0
152,25,1
153,1,1
153,2,0
153,3,1
153,4,0
153,5,0
153,6,1
153,7,0
153,8,1
153,9,1
153,10,0
153,11,1
153,12,0
153,13,1
153,14,0
153,15,1
153,16,0
153,17,1
153,18,0
153,19,1
153,20,0
153,21,1
153,22,0
153,23,1
153,24,0
153,25,1
154,1,1
154,2,0
154,3,1
154,4,0
154,5,0
154,6,1
154,7,1
154,8,0
154,9,1
154,10,0
154,11,1
154,12,0
154,13,1
154,14,0
154,15,1
154,16,0
154,17,1
154,18,0
154,19,1
154,20,0
154,21,1
154,22,0
154,23,1
154,24,0
154,25,1
155,1,1
155,2,0
155,3,1
155,4,0
155,5,1
155,6,0
155,7,0
155,8,1
155,9,0
155,10,1
155,11,0
155,12,1
155,13,0
155,14,1
155,15,0
155,16,1
155,17,0
155,18,1
155,19,0
155,20,1
155,21,0
155,22,1
155,23,0
155,24,1
155,25,0
156,1,1
156,2,0
156,3,1
156,4,0
156,5,1
156,6,0
156,7,0
156,8,1
156,9,0
156,10,1
156,11,0
156,12,1
156,13,0
156,14,1
156,15,0
156,16,1
156,17,0
156,18,1
156,19,0
156,20,1
156,21,0
156,22,1
156,23,1
156,24,0
156,25,1
157,1,1
157,2,0
157,3,1
157,4,0
157,5,1
157,6,0
157,7,0
157,8,1
157,9,0
157,10,1
157,11,0
157,12,1
157,13,0
157,14,1
157,15,0
157,16,1
157,17,0
157,18,1
157,19,0
157,20,1
157,21,1
157,22,0
157,23,1
157,24,0
157,25,1
158,1,1
158,2,0
158,3,1
158,4,0
158,5,1
158,6,0
158,7,0
158,8,1
158,9,0
158,10,1
158,11,0
158,12,1
158,13,0
158,14,1
158,15,0
158,16,1
158,17,0
158,18,1
158,19,1
158,20,0
158,21,1
158,22,0
158,23,1
158,24,0
158,25,1
159,1,1
159,2,0
159,3,1
159,4,0
159,5,1
159,6,0
159,7,0
159,8,1
159,9,0
159,10,1
159,11,0
159,12,1
159,13,0
159,14,1
159,15,0
159,16,1
159,17,1
159,18,0
159,19,1
159,20,0
159,21,1
159,22,0
159,23,1
159,24,0
159,25,1
160,1,1
160,2,0
160,3,1
160,4,0
160,5,1
160,6,0
160,7,0
160,8,1
160,9,0
160,10,1
160,11,0
160,12,1
160,13,0
160,14,1
160,15,1
160,16,0
160,17,1
160,18,0
160,19,1
160,20,0
160,21,1
160,22,0
160,23,1
160,24,0
160,25,1
161,1,1
161,2,0
161,3,1
161,4,0
161,5,1
161,6,0
161,7,0
161,8,1
161,9,0
161,10,1
161,11,0
161,12,1
161,13,1
161,14,0
161,15,1
161,16,0
161,17,1
161,18,0
161,19,1
161,20,0
161,21,1
161,22,0
161,23,1
161,24,0
161,25,1
162,1,1
162,2,0
162,3,1
162,4,0
162,5,1
162,6,0
162,7,0
162,8,1
162,9,0
162,10,1
162,11,1
162,12,0
162,13,1
162,14,0
162,15,1
162,16,0
162,17,1
162,18,0
162,19,1
162,20,0
162,21,1
162,22,0
162,23,1
162,24,0
162,25,1
163,1,1
163,2,0
163,3,1
163,4,0
163,5,1
163,6,0
163,7,0
163,8,1
163,9,1
163,10,0
163,11,1
163,12,0
163,13,1
163,14,0
163,15,1
163,16,0
163,17,1
163,18,0
163,19,1
163,20,0
163,21,1
163,22,0
163,23,1
163,24,0
163,25,1
164,1,1
164,2,0
164,3,1
164,4,0
164,5,1
164,6,0
164,7,1
164,8,0
164,9,0
164,10,1
164,11,0
164,12,1
164,13,0
164,14,1
164,15,0
164,16,1
164,17,0
164,18,1
164,19,0
164,20,1
164,21,0
164,22,1
164,23,0
164,24,1
164,25,0
165,1,1
165,2,0
165,3,1
165,4,0
165,5,1
165,6,0
165,7,1
165,8,0
165,9,0
165,10,1
165,11,0
165,12,1
165,13,0
165,14,1
165,15,0
165,16,1
165,17,0
165,18,1
165,19,0
165,20,1
165,21,0
165,22,1
165,23,1
165,24,0
165,25,1
166,1,1
166,2,0
166,3,1
166,4,0
166,5,1
166,6,0
166,7,1
166,8,0
166,9,0
166,10,1
166,11,0
166,12,1
166,13,0
166,14,1
166,15,0
166,16,1
166,17,0
166,18,1
166,19,0
166,20,1
166,21,1
166,22,0
166,23,1
166,24,0
166,25,1
167,1,1
167,2,0
167,3,1
167,4,0
167,5,1
167,6,0
167,7,1
167,8,0
167,9,0
167,10,1
167,11,0
167,12,1
167,13,0
167,14,1
167,15,0
167,16,1
167,17,0
167,18,1
167,19,1
167,20,0
167,21,1
167,22,0
167,23,1
167,24,0
167,25,1
168,1,1
168,2,0
168,3,1
168,4,0
168,5,1
168,6,0
168,7,1
168,8,0
168,9,0
168,10,1
168,11,0
168,12,1
168,13,0
168,14,1
168,15,0
168,16,1
168,17,1
168,18,0
168,19,1
168,20,0
168,21,1
168,22,0
168,23,1
168,24,0
168,25,1
169,1,1
169,2,0
169,3,1
169,4,0
169,5,1
169,6,0
169,7,1
169,8,0
169,9,0
169,10,1
169,11,0
169,12,1
169,13,0
169,14,1
169,15,1
169,16,0
169,17,1
169,18,0
169,19,1
169,20,0
169,21,1
169,22,0
169,23,1
169,24,0
169,25,1
170,1,1
170,2,0
170,3,1
170,4,0
170,5,1
170,6,0
170,7,1
170,8,0
170,9,0
170,10,1
170,11,0
170,12,1
170,13,1
170,14,0
170,15,1
170,16,0
170,17,1
170,18,0
170,19,1
170,20,0
170,21,1
170,22,0
170,23,1
170,24,0
170,25,1
171,1,1
171,2,0
171,3,1
171,4,0
171,5,1
171,6,0
171,7,1
171,8,0
171,9,0
171,10,1
171,11,1
171,12,0
171,13,1
171,14,0
171,15,1
171,16,0
171,17,1
171,18,0
171,19,1
171,20,0
171,21,1
171,22,0
171,23,1
171,24,0
171,25,1
172,1,1
172,2,0
172,3,1
172,4,0
172,5,1
172,6,0
172,7,1
172,8,0
172,9,1
172,10,0
172,11,0
172,12,1
172,13,0
172,14,1
172,15,0
172,16,1
172,17,0
172,18,1
172,19,0
172,20,1
172,21,0
172,22,1
172,23,0
172,24,1
172,25,0
173,1,1
173,2,0
173,3,1
173,4,0
173,5,1
173,6,0
173,7,1
173,8,0
173,9,1
173,10,0
173,11,0
173,12,1
173,13,0
173,14,1
173,15,0
173,16,1
173,17,0
173,18,1
173,19,0
173,20,1
173,21,0
173,22,1
173,23,1
173,24,0
173,25,1
174,1,1
174,2,0
174,3,1
174,4,0
174,5,1
174,6,0
174,7,1
174,8,0
174,9,1
174,10,0
174,11,0
174,12,1
174,13,0
174,14,1
174,15,0
174,16,1
174,17,0
174,18,1
174,19,0
174,20,1
174,21,1
174,22,0
174,23,1
174,24,0
174,25,1
175,1,1
175,2,0
175,3,1
175,4,0
175,5,1
175,6,0
175,7,1
175,8,0
175,9,1
175,10,0
175,11,0
175,12,1
175,13,0
175,14,1
175,15,0
175,16,1
175,17,0
175,18,1
175,19,1
175,20,0
175,21,1
175,22,0
175,23,1
175,24,0
175,25,1
176,1,1
176,2,0
176,3,1
176,4,0
176,5,1
176,6,0
176,7,1
176,8,0
176,9,1
176,10,0
176,11,0
176,12,1
176,13,0
176,14,1
176,15,0
176,16,1
176,17,1
176,18,0
176,19,1
176,20,0
176,21,1
176,22,0
176,23,1
176,24,0
176,25,1
177,1,1
177,2,0
177,3,1
177,4,0
177,5,1
177,6,0
177,7,1
177,8,0
177,9,1
177,10,0
177,11,0
177,12,1
177,13,0
177,14,1
177,15,1
177,16,0
177,17,1
177,18,0
177,19,1
177,20,0
177,21,1
177,22,0
177,23,1
177,24,0
177,25,1
178,1,1
178,2,0
178,3,1
178,4,0
178,5,1
178,6,0
178,7,1
178,8,0
178,9,1
178,10,0
178,11,0
178,12,1
178,13,1
178,14,0
178,15,1
178,16,0
178,17,1
178,18,0
178,19,1
178,20,0
178,21,1
178,22,0
178,23,1
178,24,0
178,25,1
179,1,1
179,2,0
179,3,1
179,4,0
179,5,1
179,6,0
179,7,1
179,8,0
179,9,1
179,10,0
179,11,1
179,12,0
179,13,0
179,14,1
179,15,0
179,16,1
179,17,0
179,18,1
179,19,0
179,20,1
179,21,0
179,22,1
179,23,0
179,24,1
179,25,0
180,1,1
180,2,0
180,3,1
180,4,0
180,5,1
180,6,0
180,7,1
180,8,0
180,9,1
180,10,0
180,11,1
180,12,0
180,13,0
180,14,1
180,15,0
180,16,1
180,17,0
180,18,1
180,19,0
180,20,1
180,21,0
180,22,1
180,23,1
180,24,0
180,25,1
181,1,1
181,2,0
181,3,1
181,4,0
181,5,1
181,6,0
181,7,1
181,8,0
181,9,1
181,10,0
181,11,1
181,12,0
181,13,0
181,14,1
181,15,0
181,16,1
181,17,0
181,18,1
181,19,0
181,20,1
181,21,1
181,22,0
181,23,1
181,24,0
181,25,1
182,1,1
182,2,0
182,3,1
182,4,0
182,5,1
182,6,0
182,7,1
182,8,0
182,9,1
182,10,0
182,11,1
182,12,0
182,13,0
182,14,1
182,15,0
182,16,1
182,17,0
182,18,1
182,19,1
182,20,0
182,21,1
182,22,0
182,23,1
182,24,0
182,25,1
183,1,1
183,2,0
183,3,1
183,4,0
183,5,1
183,6,0
183,7,1
183,8,0
183,9,1
183,10,0
183,11,1
183,12,0
183,13,0
183,14,1
183,15,0
183,16,1
183,17,1
183,18,0
183,19,1
183,20,0
183,21,1
183,22,0
183,23,1
183,24,0
183,25,1
184,1,1
184,2,0
184,3,1
184,4,0
184,5,1
184,6,0
184,7,1
184,8,0
184,9,1
184,10,0
184,11,1
184,12,0
184,13,0
184,14,1
184,15,1
184,16,0
184,17,1
184,18,0
184,19,1
184,20,0
184,21,1
184,22,0
184,23,1
184,24,0
184,25,1
185,1,1
185,2,0
185,3,1
185,4,0
185,5,1
185,6,0
185,7,1
185,8,0
185,9,1
185,10,0
185,11,1
185,12,0
185,13,1
185,14,0
185,15,0
185,16,1
185,17,0
185,18,1
185,19,0
185,20,1
185,21,0
185,22,1
185,23,0
185,24,1
185,25,0
186,1,1
186,2,0
186,3,1
186,4,0
186,5,1
186,6,0
186,7,1
186,8,0
186,9,1
186,10,0
186,11,1
186,12,0
186,13,1
186,14,0
186,15,0
186,16,1
186,17,0
186,18,1
186,19,0
186,20,1
186,21,0
186,22,1
186,23,1
186,24,0
186,25,1
187,1,1
187,2,0
187,3,1
187,4,0
187,5,1
187,6,0
187,7,1
187,8,0
187,9,1
187,10,0
187,11,1
187,12,0
187,13,1
187,14,0
187,15,0
187,16,1
187,17,0
187,18,1
187,19,0
187,20,1
187,21,1
187,22,0
187,23,1
187,24,0
187,25,1
188,1,1
188,2,0
188,3,1
188,4,0
188,5,1
188,6,0
188,7,1
188,8,0
188,9,1
188,10,0
188,11,1
188,12,0
188,13,1
188,14,0
188,15,0
188,16,1
188,17,0
188,18,1
188,19,1
188,20,0
188,21,1
188,22,0
188,23,1
188,24,0
188,25,1
189,1,1
189,2,0
189,3,1
189,4,0
189,5,1
189,6,0
189,7,1
189,8,0
189,9,1
189,10,0
189,11,1
189,12,0
189,13,1
189,14,0
189,15,0
189,16,1
189,17,1
189,18,0
189,19,1
189,20,0
189,21,1
189,22,0
189,23,1
189,24,0
189,25,1
190,1,1
190,2,0
190,3,1
190,4,0
190,5,1
190,6,0
190,7,1
190,8,0
190,9,1
190,10,0
190,11,1
190,12,0
190,13,1
190,14,0
190,15,1
190,16,0
190,17,0
190,18,1
190,19,0
190,20,1
190,21,0
190,22,1
190,23,0
190,24,1
190,25,0
191,1,1
191,2,0
191,3,1
191,4,0
191,5,1
191,6,0
191,7,1
191,8,0
191,9,1
191,10,0
191,11,1
191,12,0
191,13,1
191,14,0
191,15,1
191,16,0
191,17,0
191,18,1
191,19,0
191,20,1
191,21,0
191,22,1
191,23,1
191,24,0
191,25,1
192,1,1
192,2,0
192,3,1
192,4,0
192,5,1
192,6,0
192,7,1
192,8,0
192,9,1
192,10,0
192,11,1
192,12,0
192,13,1
192,14,0
192,15,1
192,16,0
192,17,0
192,18,1
192,19,0
192,20,1
192,21,1
192,22,0
192,23,1
192,24,0
192,25,1
193,1,1
193,2,0
193,3,1
193,4,0
193,5,1
193,6,0
193,7,1
193,8,0
193,9,1
193,10,0
193,11,1
193,12,0
193,13,1
193,14,0
193,15,1
193,16,0
193,17,0
193,18,1
193,19,1
193,20,0
193,21,1
193,22,0
193,23,1
193,24,0
193,25,1
194,1,1
194,2,0
194,3,1
194,4,0
194,5,1
194,6,0
194,7,1
194,8,0
194,9,1
194,10,0
194,11,1
194,12,0
194,13,1
194,14,0
194,15,1
194,16,0
194,17,1
194,18,0
194,19,0
194,20,1
194,21,0
194,22,1
194,23,0
194,24,1
194,25,0
195,1,1
195,2,0
195,3,1
195,4,0
195,5,1
195,6,0
195,7,1
195,8,0
195,9,1
195,10,0
195,11,1
195,12,0
195,13,1
195,14,0
195,15,1
195,16,0
195,17,1
195,18,0
195,19,0
195,20,1
195,21,0
195,22,1
195,23,1
195,24,0
195,25,1
196,1,1
196,2,0
196,3,1
196,4,0
196,5,1
196,6,0
196,7,1
196,8,0
196,9,1
196,10,0
196,11,1
196,12,0
196,13,1
196,14,0
196,15,1
196,16,0
196,17,1
196,18,0
196,19,0
196,20,1
196,21,1
196,22,0
196,23,1
196,24,0
196,25,1
197,1,1
197,2,0
197,3,1
197,4,0
197,5,1
197,6,0
197,7,1
197,8,0
197,9,1
197,10,0
197,11,1
197,12,0
197,13,1
197,14,0
197,15,1
197,16,0
197,17,1
197,18,0
197,19,1
197,20,0
197,21,0
197,22,1
197,23,0
197,24,1
197,25,0
198,1,1
198,2,0
198,3,1
198,4,0
198,5,1
198,6,0
198,7,1
198,8,0
198,9,1
198,10,0
198,11,1
198,12,0
198,13,1
198,14,0
198,15,1
198,16,0
198,17,1
198,18,0
198,19,1
198,20,0
198,21,0
198,22,1
198,23,1
198,24,0
198,25,1
199,1,1
199,2,0
199,3,1
199,4,0
199,5,1
199,6,0
199,7,1
199,8,0
199,9,1
199,10,0
199,11,1
199,12,0
199,13,1
199,14,0
199,15,1
199,16,0
199,17,1
199,18,0
199,19,1
199,20,0
199,21,1
199,22,0
199,23,0
199,24,1
199,25,0
200,1,1
200,2,0
200,3,1
200,4,0
200,5,1
200,6,0
200,7,1
200,8,0
200,9,1
200,10,0
200,11,1
200,12,0
200,13,1
200,14,0
200,15,1
200,16,0
200,17,1
200,18,0
200,19,1
200,20,0
200,21,1
200,22,0
200,23,1
200,24,0
200,25,1
201,1,1
201,2,0
201,3,1
201,4,0
201,5,1
201,6,0
201,7,1
201,8,0
201,9,1
201,10,0
201,11,1
201,12,0
201,13,1
201,14,0
201,15,1
201,16,0
201,17,1
201,18,0
201,19,1
201,20,0
201,21,1
201,22,0
201,23,1
201,24,1
201,25,0
202,1,1
202,2,0
202,3,1
202,4,0
202,5,1
202,6,0
202,7,1
202,8,0
202,9,1
202,10,0
202,11,1
202,12,0
202,13,1
202,14,0
202,15,1
202,16,0
202,17,1
202,18,0
202,19,1
202,20,0
202,21,1
202,22,1
202,23,0
202,24,0
202,25,1
203,1,1
203,2,0
203,3,1
203,4,0
203,5,1
203,6,0
203,7,1
203,8,0
203,9,1
203,10,0
203,11,1
203,12,0
203,13,1
203,14,0
203,15,1
203,16,0
203,17,1
203,18,0
203,19,1
203,20,0
203,21,1
203,22,1
203,23,0
203,24,1
203,25,0
204,1,1
204,2,0
204,3,1
204,4,0
204,5,1
204,6,0
204,7,1
204,8,0
204,9,1
204,10,0
204,11,1
204,12,0
204,13,1
204,14,0
204,15,1
204,16,0
204,17,1
204,18,0
204,19,1
204,20,1
204,21,0
204,22,0
204,23,1
204,24,0
204,25,1
205,1,1
205,2,0
205,3,1
205,4,0
205,5,1
205,6,0
205,7,1
205,8,0
205,9,1
205,10,0
205,11,1
205,12,0
205,13,1
205,14,0
205,15,1
205,16,0
205,17,1
205,18,0
205,19,1
205,20,1
205,21,0
205,22,1
205,23,0
205,24,0
205,25,1
206,1,1
206,2,0
206,3,1
206,4,0
206,5,1
206,6,0
206,7,1
206,8,0
206,9,1
206,10,0
206,11,1
206,12,0
206,13,1
206,14,0
206,15,1
206,16,0
206,17,1
206,18,0
206,19,1
206,20,1
206,21,0
206,22,1
206,23,0
206,24,1
206,25,0
207,1,1
207,2,0
207,3,1
207,4,0
207,5,1
207,6,0
207,7,1
207,8,0
207,9,1
207,10,0
207,11,1
207,12,0
207,13,1
207,14,0
207,15,1
207,16,0
207,17,1
207,18,1
207,19,0
207,20,0
207,21,1
207,22,0
207,23,1
207,24,0
207,25,1
208,1,1
208,2,0
208,3,1
208,4,0
208,5,1
208,6,0
208,7,1
208,8,0
208,9,1
208,10,0
208,11,1
208,12,0
208,13,1
208,14,0
208,15,1
208,16,0
208,17,1
208,18,1
208,19,0
208,20,1
208,21,0
208,22,0
208,23,1
208,24,0
208,25,1
209,1,1
209,2,0
209,3,1
209,4,0
209,5,1
209,6,0
209,7,1
209,8,0
209,9,1
209,10,0
209,11,1
209,12,0
209,13,1
209,14,0
209,15,1
209,16,0
209,17,1
209,18,1
209,19,0
209,20,1
209,21,0
209,22,1
209,23,0
209,24,0
209,25,1
210,1,1
210,2,0
210,3,1
210,4,0
210,5,1
210,6,0
210,7,1
210,8,0
210,9,1
210,10,0
210,11,1
210,12,0
210,13,1
210,14,0
210,15,1
210,16,0
210,17,1
210,18,1
210,19,0
210,20,1
210,21,0
210,22,1
210,23,0
210,24,1
210,25,0
211,1,1
211,2,0
211,3,1
211,4,0
211,5,1
211,6,0
211,7,1
211,8,0
211,9,1
211,10,0
211,11,1
211,12,0
211,13,1
211,14,0
211,15,1
211,16,1
211,17,0
211,18,0
211,19,1
211,20,0
211,21,1
211,22,0
211,23,1
211,24,0
211,25,1
212,1,1
212,2,0
212,3,1
212,4,0
212,5,1
212,6,0
212,7,1
212,8,0
212,9,1
212,10,0
212,11,1
212,12,0
212,13,1
212,14,0
212,15,1
212,16,1
212,17,0
212,18,1
212,19,0
212,20,0
212,21,1
212,22,0
212,23,1
212,24,0
212,25,1
213,1,1
213,2,0
213,3,1
213,4,0
213,5,1
213,6,0
213,7,1
213,8,0
213,9,1
213,10,0
213,11,1
213,12,0
213,13,1
213,14,0
213,15,1
213,16,1
213,17,0
213,18,1
213,19,0
213,20,1
213,21,0
213,22,0
213,23,1
213,24,0
213,25,1
214,1,1
214,2,0
214,3,1
214,4,0
214,5,1
214,6,0
214,7,1
214,8,0
214,9,1
214,10,0
214,11,1
214,12,0
214,13,1
214,14,0
214,15,1
214,16,1
214,17,0
214,18,1
214,19,0
214,20,1
214,21,0
214,22,1
214,23,0
214,24,0
214,25,1
215,1,1
215,2,0
215,3,1
215,4,0
215,5,1
215,6,0
215,7,1
215,8,0
215,9,1
215,10,0
215,11,1
215,12,0
215,13,1
215,14,0
215,15,1
215,16,1
215,17,0
215,18,1
215,19,0
215,20,1
215,21,0
215,22,1
215,23,0
215,24,1
215,25,0
216,1,1
216,2,0
216,3,1
216,4,0
216,5,1
216,6,0
216,7,1
216,8,0
216,9,1
216,10,0
216,11,1
216,12,0
216,13,1
216,14,1
216,15,0
216,16,0
216,17,1
216,18,0
216,19,1
216,20,0
216,21,1
216,22,0
216,23,1
216,24,0
216,25,1
217,1,1
217,2,0
217,3,1
217,4,0
217,5,1
217,6,0
217,7,1
217,8,0
217,9,1
217,10,0
217,11,1
217,12,0
217,13,1
217,14,1
217,15,0
217,16,1
217,17,0
217,18,0
217,19,1
217,20,0
217,21,1
217,22,0
217,23,1
217,24,0
217,25,1
218,1,1
218,2,0
218,3,1
218,4,0
218,5,1
218,6,0
218,7,1
218,8,0
218,9,1
218,10,0
218,11,1
218,12,0
218,13,1
218,14,1
218,15,0
218,16,1
218,17,0
218,18,1
218,19,0
218,20,0
218,21,1
218,22,0
218,23,1
218,24,0
218,25,1
219,1,1
219,2,0
219,3,1
219,4,0
219,5,1
219,6,0
219,7,1
219,8,0
219,9,1
219,10,0
219,11,1
219,12,0
219,13,1
219,14,1
219,15,0
219,16,1
219,17,0
219,18,1
219,19,0
219,20,1
219,21,0
219,22,0
219,23,1
219,24,0
219,25,1
220,1,1
220,2,0
220,3,1
220,4,0
220,5,1
220,6,0
220,7,1
220,8,0
220,9,1
220,10,0
220,11,1
220,12,0
220,13,1
220,14,1
220,15,0
220,16,1
220,17,0
220,18,1
220,19,0
220,20,1
220,21,0
220,22,1
220,23,0
220,24,0
220,25,1
221,1,1
221,2,0
221,3,1
221,4,0
221,5,1
221,6,0
221,7,1
221,8,0
221,9,1
221,10,0
221,11,1
221,12,0
221,13,1
221,14,1
221,15,0
221,16,1
221,17,0
221,18,1
221,19,0
221,20,1
221,21,0
221,22,1
221,23,0
221,24,1
221,25,0
222,1,1
222,2,0
222,3,1
222,4,0
222,5,1
222,6,0
222,7,1
222,8,0
222,9,1
222,10,0
222,11,1
222,12,1
222,13,0
222,14,0
222,15,1
222,16,0
222,17,1
222,18,0
222,19,1
222,20,0
222,21,1
222,22,0
222,23,1
222,24,0
222,25,1
223,1,1
223,2,0
223,3,1
223,4,0
223,5,1
223,6,0
223,7,1
223,8,0
223,9,1
223,10,0
223,11,1
223,12,1
223,13,0
223,14,1
223,15,0
223,16,0
223,17,1
223,18,0
223,19,1
223,20,0
223,21,1
223,22,0
223,23,1
223,24,0
223,25,1
224,1,1
224,2,0
224,3,1
224,4,0
224,5,1
224,6,0
224,7,1
224,8,0
224,9,1
224,10,0
224,11,1
224,12,1
224,13,0
224,14,1
224,15,0
224,16,1
224,17,0
224,18,0
224,19,1
224,20,0
224,21,1
224,22,0
224,23,1
224,24,0
224,25,1
225,1,1
225,2,0
225,3,1
225,4,0
225,5,1
225,6,0
225,7,1
225,8,0
225,9,1
225,10,0
225,11,1
225,12,1
225,13,0
225,14,1
225,15,0
225,16,1
225,17,0
225,18,1
225,19,0
225,20,0
225,21,1
225,22,0
225,23,1
225,24,0
225,25,1
226,1,1
226,2,0
226,3,1
226,4,0
226,5,1
226,6,0
226,7,1
226,8,0
226,9,1
226,10,0
226,11,1
226,12,1
226,13,0
226,14,1
226,15,0
226,16,1
226,17,0
226,18,1
226,19,0
226,20,1
226,21,0
226,22,0
226,23,1
226,24,0
226,25,1
227,1,1
227,2,0
227,3,1
227,4,0
227,5,1
227,6,0
227,7,1
227,8,0
227,9,1
227,10,0
227,11,1
227,12,1
227,13,0
227,14,1
227,15,0
227,16,1
227,17,0
227,18,1
227,19,0
227,20,1
227,21,0
227,22,1
227,23,0
227,24,0
227,25,1
228,1,1
228,2,0
228,3,1
228,4,0
228,5,1
228,6,0
228,7,1
228,8,0
228,9,1
228,10,0
228,11,1
228,12,1
228,13,0
228,14,1
228,15,0
228,16,1
228,17,0
228,18,1
228,19,0
228,20,1
228,21,0
228,22,1
228,23,0
228,24,1
228,25,0
229,1,1
229,2,0
229,3,1
229,4,0
229,5,1
229,6,0
229,7,1
229,8,0
229,9,1
229,10,1
229,11,0
229,12,0
229,13,1
229,14,0
229,15,1
229,16,0
229,17,1
229,18,0
229,19,1
229,20,0
229,21,1
229,22,0
229,23,1
229,24,0
229,25,1
230,1,1
230,2,0
230,3,1
230,4,0
230,5,1
230,6,0
230,7,1
230,8,0
230,9,1
230,10,1
230,11,0
230,12,1
230,13,0
230,14,0
230,15,1
230,16,0
230,17,1
230,18,0
230,19,1
230,20,0
230,21,1
230,22,0
230,23,1
230,24,0
230,25,1
231,1,1
231,2,0
231,3,1
231,4,0
231,5,1
231,6,0
231,7,1
231,8,0
231,9,1
231,10,1
231,11,0
231,12,1
231,13,0
231,14,1
231,15,0
231,16,0
231,17,1
231,18,0
231,19,1
231,20,0
231,21,1
231,22,0
231,23,1
231,24,0
231,25,1
232,1,1
232,2,0
232,3,1
232,4,0
232,5,1
232,6,0
232,7,1
232,8,0
232,9,1
232,10,1
232,11,0
232,12,1
232,13,0
232,14,1
232,15,0
232,16,1
232,17,0
232,18,0
232,19,1
232,20,0
232,21,1
232,22,0
232,23,1
232,24,0
232,25,1
233,1,1
233,2,0
233,3,1
233,4,0
233,5,1
233,6,0
233,7,1
233,8,0
233,9,1
233,10,1
233,11,0
233,12,1
233,13,0
233,14,1
233,15,0
233,16,1
233,17,0
233,18,1
233,19,0
233,20,0
233,21,1
233,22,0
233,23,1
233,24,0
233,25,1
234,1,1
234,2,0
234,3,1
234,4,0
234,5,1
234,6,0
234,7,1
234,8,0
234,9,1
234,10,1
234,11,0
234,12,1
234,13,0
234,14,1
234,15,0
234,16,1
234,17,0
234,18,1
234,19,0
234,20,1
234,21,0
234,22,0
234,23,1
234,24,0
234,25,1
235,1,1
235,2,0
235,3,1
235,4,0
235,5,1
235,6,0
235,7,1
235,8,0
235,9,1
235,10,1
235,11,0
235,12,1
235,13,0
235,14,1
235,15,0
235,16,1
235,17,0
235,18,1
235,19,0
235,20,1
235,21,0
235,22,1
235,23,0
235,24,0
235,25,1
236,1,1
236,2,0
236,3,1
236,4,0
236,5,1
236,6,0
236,7,1
236,8,0
236,9,1
236,10,1
236,11,0
236,12,1
236,13,0
236,14,1
236,15,0
236,16,1
236,17,0
236,18,1
236,19,0
236,20,1
236,21,0
236,22,1
236,23,0
236,24,1
236,25,0
237,1,1
237,2,0
237,3,1
237,4,0
237,5,1
237,6,0
237,7,1
237,8,1
237,9,0
237,10,0
237,11,1
237,12,0
237,13,1
237,14,0
237,15,1
237,16,0
237,17,1
237,18,0
237,19,1
237,20,0
237,21,1
237,22,0
237,23,1
237,24,0
237,25,1
238,1,1
238,2,0
238,3,1
238,4,0
238,5,1
238,6,0
238,7,1
238,8,1
238,9,0
238,10,1
238,11,0
238,12,0
238,13,1
238,14,0
238,15,1
238,16,0
238,17,1
238,18,0
238,19,1
238,20,0
238,21,1
238,22,0
238,23,1
238,24,0
238,25,1
239,1,1
239,2,0
239,3,1
239,4,0
239,5,1
239,6,0
239,7,1
239,8,1
239,9,0
239,10,1
239,11,0
239,12,1
239,13,0
239,14,0
239,15,1
239,16,0
239,17,1
239,18,0
239,19,1
239,20,0
239,21,1
239,22,0
239,23,1
239,24,0
239,25,1
240,1,1
240,2,0
240,3,1
240,4,0
240,5,1
240,6,0
240,7,1
240,8,1
240,9,0
240,10,1
240,11,0
240,12,1
240,13,0
240,14,1
240,15,0
240,16,0
240,17,1
240,18,0
240,19,1
240,20,0
240,21,1
240,22,0
240,23,1
240,24,0
240,25,1
241,1,1
241,2,0
241,3,1
241,4,0
241,5,1
241,6,0
241,7,1
241,8,1
241,9,0
241,10,1
241,11,0
241,12,1
241,13,0
241,14,1
241,15,0
241,16,1
241,17,0
241,18,0
241,19,1
241,20,0
241,21,1
241,22,0
241,23,1
241,24,0
241,25,1
242,1,1
242,2,0
242,3,1
242,4,0
242,5,1
242,6,0
242,7,1
242,8,1
242,9,0
242,10,1
242,11,0
242,12,1
242,13,0
242,14,1
242,15,0
242,16,1
242,17,0
242,18,1
242,19,0
242,20,0
242,21,1
242,22,0
242,23,1
242,24,0
242,25,1
243,1,1
243,2,0
243,3,1
243,4,0
243,5,1
243,6,0
243,7,1
243,8,1
243,9,0
243,10,1
243,11,0
243,12,1
243,13,0
243,14,1
243,15,0
243,16,1
243,17,0
243,18,1
243,19,0
243,20,1
243,21,0
243,22,0
243,23,1
243,24,0
243,25,1
244,1,1
244,2,0
244,3,1
244,4,0
244,5,1
244,6,0
244,7,1
244,8,1
244,9,0
244,10,1
244,11,0
244,12,1
244,13,0
244,14,1
244,15,0
244,16,1
244,17,0
244,18,1
244,19,0
244,20,1
244,21,0
244,22,1
244,23,0
244,24,0
244,25,1
245,1,1
245,2,0
245,3,1
245,4,0
245,5,1
245,6,0
245,7,1
245,8,1
245,9,0
245,10,1
245,11,0
245,12,1
245,13,0
245,14,1
245,15,0
245,16,1
245,17,0
245,18,1
245,19,0
245,20,1
245,21,0
245,22,1
245,23,0
245,24,1
245,25,0
246,1,1
246,2,0
246,3,1
246,4,0
246,5,1
246,6,1
246,7,0
246,8,0
246,9,1
246,10,0
246,11,1
246,12,0
246,13,1
246,14,0
246,15,1
246,16,0
246,17,1
246,18,0
246,19,1
246,20,0
246,21,1
246,22,0
246,23,1
246,24,0
246,25,1
247,1,1
247,2,0
247,3,1
247,4,0
247,5,1
247,6,1
247,7,0
247,8,1
247,9,0
247,10,0
247,11,1
247,12,0
247,13,1
247,14,0
247,15,1
247,16,0
247,17,1
247,18,0
247,19,1
247,20,0
247,21,1
247,22,0
247,23,1
247,24,0
247,25,1
248,1,1
248,2,0
248,3,1
248,4,0
248,5,1
248,6,1
248,7,0
248,8,1
248,9,0
248,10,1
248,11,0
248,12,0
248,13,1
248,14,0
248,15,1
248,16,0
248,17,1
248,18,0
248,19,1
248,20,0
248,21,1
248,22,0
248,23,1
248,24,0
248,25,1
249,1,1
249,2,0
249,3,1
249,4,0
249,5,1
249,6,1
249,7,0
249,8,1
249,9,0
249,10,1
249,11,0
249,12,1
249,13,0
249,14,0
249,15,1
249,16,0
249,17,1
249,18,0
249,19,1
249,20,0
249,21,1
249,22,0
249,23,1
249,24,0
249,25,1
250,1,1
250,2,0
250,3,1
250,4,0
250,5,1
250,6,1
250,7,0
250,8,1
250,9,0
250,10,1
250,11,0
250,12,1
250,13,0
250,14,1
250,15,0
250,16,0
250,17,1
250,18,0
250,19,1
250,20,0
250,21,1
250,22,0
250,23,1
250,24,0
250,25,1
251,1,1
251,2,0
251,3,1
251,4,0
251,5,1
251,6,1
251,7,0
251,8,1
251,9,0
251,10,1
251,11,0
251,12,1
251,13,0
251,14,1
251,15,0
251,16,1
251,17,0
251,18,0
251,19,1
251,20,0
251,21,1
251,22,0
251,23,1
251,24,0
251,25,1
252,1,1
252,2,0
252,3,1
252,4,0
252,5,1
252,6,1
252,7,0
252,8,1
252,9,0
252,10,1
252,11,0
252,12,1
252,13,0
252,14,1
252,15,0
252,16,1
252,17,0
252,18,1
252,19,0
252,20,0
252,21,1
252,22,0
252,23,1
252,24,0
252,25,1
253,1,1
253,2,0
253,3,1
253,4,0
253,5,1
253,6,1
253,7,0
253,8,1
253,9,0
253,10,1
253,11,0
253,12,1
253,13,0
253,14,1
253,15,0
253,16,1
253,17,0
253,18,1
253,19,0
253,20,1
253,21,0
253,22,0
253,23,1
253,24,0
253,25,1
254,1,1
254,2,0
254,3,1
254,4,0
254,5,1
254,6,1
254,7,0
254,8,1
254,9,0
254,10,1
254,11,0
254,12,1
254,13,0
254,14,1
254,15,0
254,16,1
254,17,0
254,18,1
254,19,0
254,20,1
254,21,0
254,22,1
254,23,0
254,24,0
254,25,1
255,1,1
255,2,0
255,3,1
255,4,0
255,5,1
255,6,1
255,7,0
255,8,1
255,9,0
255,10,1
255,11,0
255,12,1
255,13,0
255,14,1
255,15,0
255,16,1
255,17,0
255,18,1
255,19,0
255,20,1
255,21,0
255,22,1
255,23,0
255,24,1
255,25,0
256,1,1
256,2,0
256,3,1
256,4,1
256,5,0
256,6,0
256,7,1
256,8,0
256,9,1
256,10,0
256,11,1
256,12,0
256,13,1
256,14,0
256,15,1
256,16,0
256,17,1
256,18,0
256,19,1
256,20,0
256,21,1
256,22,0
256,23,1
256,24,0
256,25,1
257,1,1
257,2,0
257,3,1
257,4,1
257,5,0
257,6,1
257,7,0
257,8,0
257,9,1
257,10,0
257,11,1
257,12,0
257,13,1
257,14,0
257,15,1
257,16,0
257,17,1
257,18,0
257,19,1
257,20,0
257,21,1
257,22,0
257,23,1
257,24,0
257,25,1
258,1,1
258,2,0
258,3,1
258,4,1
258,5,0
258,6,1
258,7,0
258,8,1
258,9,0
258,10,0
258,11,1
258,12,0
258,13,1
258,14,0
258,15,1
258,16,0
258,17,1
258,18,0
258,19,1
258,20,0
258,21,1
258,22,0
258,23,1
258,24,0
258,25,1
259,1,1
259,2,0
259,3,1
259,4,1
259,5,0
259,6,1
259,7,0
259,8,1
259,9,0
259,10,1
259,11,0
259,12,0
259,13,1
259,14,0
259,15,1
259,16,0
259,17,1
259,18,0
259,19,1
259,20,0
259,21,1
259,22,0
259,23,1
259,24,0
259,25,1
260,1,1
260,2,0
260,3,1
260,4,1
260,5,0
260,6,1
260,7,0
260,8,1
260,9,0
260,10,1
260,11,0
260,12,1
260,13,0
260,14,0
260,15,1
260,16,0
260,17,1
260,18,0
260,19,1
260,20,0
260,21,1
260,22,0
260,23,1
260,24,0
260,25,1
261,1,1
261,2,0
261,3,1
261,4,1
261,5,0
261,6,1
261,7,0
261,8,1
261,9,0
261,10,1
261,11,0
261,12,1
261,13,0
261,14,1
261,15,0
261,16,0
261,17,1
261,18,0
261,19,1
261,20,0
261,21,1
261,22,0
261,23,1
261,24,0
261,25,1
262,1,1
262,2,0
262,3,1
262,4,1
262,5,0
262,6,1
262,7,0
262,8,1
262,9,0
262,10,1
262,11,0
262,12,1
262,13,0
262,14,1
262,15,0
262,16,1
262,17,0
262,18,0
262,19,1
262,20,0
262,21,1
262,22,0
262,23,1
262,24,0
262,25,1
263,1,1
263,2,0
263,3,1
263,4,1
263,5,0
263,6,1
263,7,0
263,8,1
263,9,0
263,10,1
263,11,0
263,12,1
263,13,0
263,14,1
263,15,0
263,16,1
263,17,0
263,18,1
263,19,0
263,20,0
263,21,1
263,22,0
263,23,1
263,24,0
263,25,1
264,1,1
264,2,0
264,3,1
264,4,1
264,5,0
264,6,1
264,7,0
264,8,1
264,9,0
264,10,1
264,11,0
264,12,1
264,13,0
264,14,1
264,15,0
264,16,1
264,17,0
264,18,1
264,19,0
264,20,1
264,21,0
264,22,0
264,23,1
264,24,0
264,25,1
265,1,1
265,2,0
265,3,1
265,4,1
265,5,0
265,6,1
265,7,0
265,8,1
265,9,0
265,10,1
265,11,0
265,12,1
265,13,0
265,14,1
265,15,0
265,16,1
265,17,0
265,18,1
265,19,0
265,20,1
265,21,0
265,22,1
265,23,0
265,24,0
265,25,1
266,1,1
266,2,0
266,3,1
266,4,1
266,5,0
266,6,1
266,7,0
266,8,1
266,9,0
266,10,1
266,11,0
266,12,1
266,13,0
266,14,1
266,15,0
266,16,1
266,17,0
266,18,1
266,19,0
266,20,1
266,21,0
266,22,1
266,23,0
266,24,1
266,25,0
