Max time = 14400.0
Tried aggregator 2 times.
MIP Presolve eliminated 5820 rows and 72 columns.
MIP Presolve modified 222 coefficients.
Aggregator did 72 substitutions.
Reduced MIP has 2251 rows, 18798 columns, and 134012 nonzeros.
Reduced MIP has 18798 binaries, 0 generals, 0 SOSs, and 0 indicators.
Presolve time = 0.69 sec. (124.93 ticks)
Tried aggregator 1 time.
Reduced MIP has 2251 rows, 18798 columns, and 134012 nonzeros.
Reduced MIP has 18798 binaries, 0 generals, 0 SOSs, and 0 indicators.
Presolve time = 0.22 sec. (53.75 ticks)
Probing time = 0.30 sec. (7.77 ticks)
Clique table members: 26013.
MIP emphasis: balance optimality and feasibility.
MIP search method: dynamic search.
Parallel mode: deterministic, using up to 4 threads.
Root relaxation solution time = 6.43 sec. (1326.24 ticks)

        Nodes                                         Cuts/
   Node  Left     Objective  IInf  Best Integer    Best Bound    ItCnt     Gap

      0     0       22.0000  2031                     22.0000        0         
      0     2       22.0000   980                     22.0000        0         
Elapsed time = 285.37 sec. (46152.18 ticks, tree = 0.01 MB, solutions = 0)
      1     3       22.0000  1629                     22.0000    17116         
      2     3       22.0000  1655                     22.0000    17809         
      3     4       22.0000  1757                     22.0000    29605         
      5     4       22.0000  1781                     22.0000    29463         
      6     5       22.0000  1634                     22.0000    46871         
      7     7       22.0000  1669                     22.0000    70403         
      8     6       22.0000  1756                     22.0000    59331         
      9     8       22.0000  1776                     22.0000    82435         
     11    11       22.0000  1809                     22.0000   107691         
     12    12       22.0000  1957                     22.0000   110373         
Elapsed time = 518.28 sec. (86275.17 ticks, tree = 0.02 MB, solutions = 0)
     16    14       22.0000  2000                     22.0000   131533         
     17    14       22.0000  2024                     22.0000   125865         
     19    15       22.0000  1969                     22.0000   126577         
     21    14       22.0000  1915                     22.0000   116400         
     24    16       22.0000  1926                     22.0000   137611         
     26    17       22.0000  1939                     22.0000   129086         
     28    21       22.0000  1914                     22.0000   155923         
     32    27       22.0000  1908                     22.0000   168450         
     34    32       22.0000  1980                     22.0000   179071         
     35    33       22.0000  1887                     22.0000   179995         
Elapsed time = 621.85 sec. (101206.85 ticks, tree = 0.06 MB, solutions = 0)
     39    34       22.0000  1944                     22.0000   183092         
     43    36       22.0000  1893                     22.0000   185523         
     44    25       22.0000  1883                     22.0000   165177         
     46    43       22.0000  1906                     22.0000   201265         
     49    37       22.0000  1843                     22.0000   188969         
     52    39       22.0000  1847                     22.0000   190618         
     53    40       22.0000  1776                     22.0000   191487         
     56    41       22.0000  1746                     22.0000   194982         
     57    53       22.0000  1726                     22.0000   223597         
     59    48       22.0000  1808                     22.0000   213001         
Elapsed time = 722.81 sec. (115737.92 ticks, tree = 0.33 MB, solutions = 0)
     60    49       22.0000  1794                     22.0000   214337         
     61    28       22.0000  1875                     22.0000   170315         
     63    63       22.0000  1813                     22.0000   244460         
     66    64       22.0000  1763                     22.0000   246199         
     69    65       22.0000  1768                     22.0000   249632         
     72    67       22.0000  1736                     22.0000   254998         
     74    70       22.0000  1731                     22.0000   258994         
     77    68       22.0000  1668                     22.0000   258294         
     79    71       22.0000  1776                     22.0000   262786         
     83    72       22.0000  1713                     22.0000   267172         
Elapsed time = 829.78 sec. (132947.27 ticks, tree = 0.21 MB, solutions = 0)
     88    79       22.0000  1601                     22.0000   281003         
     90    80       22.0000  1557                     22.0000   283197         
     93    81       22.0000  1529                     22.0000   285883         
     96    82       22.0000  1495                     22.0000   288152         
     99    89       22.0000  1437                     22.0000   306924         
    103    90       22.0000  1418                     22.0000   309183         
    108    86       22.0000  1578                     22.0000   301175         
    113    97       22.0000  1648                     22.0000   331042         
    119   103       22.0000  1524                     22.0000   346359         
    123    95       22.0000  1324                     22.0000   321904         
Elapsed time = 916.26 sec. (145256.84 ticks, tree = 0.52 MB, solutions = 0)
    125    96       22.0000  1272                     22.0000   325591         
    128    98       22.0000  1235                     22.0000   328888         
    133   112       22.0000  1277                     22.0000   377722         
    138   122       22.0000  1216                     22.0000   399969         
    144   125       22.1667  1135                     22.0000   406050         
    150   129       22.0000  1092                     22.0000   412430         
    152   131       22.0000  1061                     22.0000   418395         
    154    98       22.0000  1584                     22.0000   333759         
    157   137       22.0000  1567                     22.0000   432494         
    160   134       22.0909  1120                     22.0000   435183         
Elapsed time = 1030.24 sec. (164308.23 ticks, tree = 0.68 MB, solutions = 0)
    164   140       22.0000  1499                     22.0000   439404         
    169   142       22.0000  1184                     22.0000   451472         
    172   142       22.0000  1499                     22.0000   445215         
    176   145    infeasible                           22.0000   459749         
    179   147       22.1111  1114                     22.0000   466377         
    180   148       22.1111  1111                     22.0000   467071         
    182   150       22.1111  1058                     22.0000   472499         
    185   151       22.1111  1035                     22.0000   477905         
    188   152       22.1111   975                     22.0000   482951         
    192   146    infeasible                           22.0000   485780         
Elapsed time = 1113.24 sec. (177908.27 ticks, tree = 0.81 MB, solutions = 0)
    194   157       22.1111   950                     22.0000   521587         
    199   147       23.0000   989                     22.0000   497064         
    203   148       23.0500   912                     22.0000   503258         
    207   162       22.0000  1408                     22.0000   527270         
    212   151       24.1111   860                     22.0000   513879         
    220   161       23.0000   889                     22.0000   549868         
    224   160    infeasible                           22.0000   554793         
    232   163    infeasible                           22.0000   562920         
    237   165       23.0049   876                     22.0000   568679         
    240   152       24.2417   875                     22.0000   548360         
Elapsed time = 1173.80 sec. (189173.74 ticks, tree = 0.84 MB, solutions = 0)
    247   178       24.2639   845                     22.0000   665281         
    253   178    infeasible                           22.0000   670493         
    263   181       24.3982   858                     22.0000   676782         
    268   173       22.0000  1348                     22.0000   542387         
    274   185       26.0000   772                     22.0000   687956         
    284   179       24.7632   814                     22.0000   603576         
    292   194       22.0000  1275                     22.0000   695311         
    297   192    infeasible                           22.0000   706758         
    308   199       22.0000  1255                     22.0000   702408         
    314   202       22.0000  1251                     22.0000   706264         
Elapsed time = 1232.70 sec. (199667.47 ticks, tree = 1.08 MB, solutions = 0)
    321   197       22.0000  1337                     22.0000   717178         
    327   181    infeasible                           22.0000   641067         
    332   181    infeasible                           22.0000   650566         
    334   202    infeasible                           22.0000   755715         
    336   204       26.0000   743                     22.0000   762573         
    339   203    infeasible                           22.0000   768433         
    340   145       22.0000  1462                     22.0000   451820         
    346   240       22.0000  1276                     22.0000   839833         
    348   242       22.0000  1243                     22.0000   843633         
    366   204       22.0000  1221                     22.0000   714408         
Elapsed time = 1321.33 sec. (214689.31 ticks, tree = 1.55 MB, solutions = 0)
    383   223       22.0000  1242                     22.0000   807896         
    395   265       22.0000  1762                     22.0000   912766         
    404   277       22.0000  1074                     22.0000   967490         
    412   279    infeasible                           22.0000   981554         
    421   287       22.1290  1156                     22.0000  1034438         
    439   301    infeasible                           22.0000  1079953         
    461   290       22.2857  1075                     22.0000  1066661         
    476   302       22.2461  1068                     22.0000  1114600         
    486   318       22.2218  1071                     22.0000  1166038         
    513   330       26.4706   843                     22.0000  1222189         
Elapsed time = 1554.17 sec. (254181.96 ticks, tree = 2.10 MB, solutions = 0)
    542   337       28.0000   685                     22.0000  1245894         
    594   346       22.0000  1420                     22.0000  1250330         
    630   365       24.3333   830                     22.0000  1380555         
*   646   330      integral     0       28.0000       22.0000  1286968   21.43%
    670   361       22.0000  1255       28.0000       22.0000  1346971   21.43%
    703   396       22.0000  1210       28.0000       22.0000  1495182   21.43%
    719   411       22.1111  1123       28.0000       22.0000  1569393   21.43%
    730   414       22.1111  1046       28.0000       22.0000  1586798   21.43%
    746   424       22.0000  1385       28.0000       22.0000  1599716   21.43%
    760   456       23.0000  1026       28.0000       22.0000  1737605   21.43%
Elapsed time = 1767.58 sec. (291550.72 ticks, tree = 3.13 MB, solutions = 1)
    788   477       22.0000  1038       28.0000       22.0000  1774329   21.43%
    801   472       24.1818   931       28.0000       22.0000  1758601   21.43%
    810   475    infeasible             28.0000       22.0000  1777618   21.43%
    828   504       22.0000  1589       28.0000       22.0000  1828288   21.43%
    850   507       22.0000  1523       28.0000       22.0000  1829835   21.43%
    875   517       22.0000  1517       28.0000       22.0000  1841660   21.43%
    885   516       22.0000  1398       28.0000       22.0000  1862112   21.43%
    909   569       22.4000  1202       28.0000       22.0000  1954969   21.43%
    927   549       22.0000  1263       28.0000       22.0000  1938714   21.43%
    962   557       22.0000  1211       28.0000       22.0000  1954183   21.43%
Elapsed time = 2010.95 sec. (332079.53 ticks, tree = 4.37 MB, solutions = 1)
    989   595       22.8000  1048       28.0000       22.0000  2006483   21.43%
   1025   643       22.0000  1141       28.0000       22.0000  2090024   21.43%
   1056   657       22.0000  1108       28.0000       22.0000  2106478   21.43%
   1076   660       23.0000  1072       28.0000       22.0000  2123696   21.43%
   1111   682    infeasible             28.0000       22.0000  2254151   21.43%
   1148   774       24.0000   936       28.0000       22.0000  2341805   21.43%
   1162   688       22.0000  1434       28.0000       22.0000  2278598   21.43%
   1181   793       26.0000   762       28.0000       22.0000  2380081   21.43%
   1212   812       26.4706  1054       28.0000       22.0000  2429345   21.43%
   1243   831       22.0000  1324       28.0000       22.0000  2446458   21.43%
Elapsed time = 2252.99 sec. (371883.97 ticks, tree = 6.24 MB, solutions = 1)
   1252   838       22.0000  1204       28.0000       22.0000  2457759   21.43%
   1261   845       22.0000  1154       28.0000       22.0000  2472330   21.43%
   1274   885       22.0000  1043       28.0000       22.0000  2551423   21.43%
   1294   898       22.0000  1309       28.0000       22.0000  2571459   21.43%
   1313   909       22.0000  1334       28.0000       22.0000  2594628   21.43%
   1342   913       22.0000  1292       28.0000       22.0000  2607189   21.43%
   1370   952       22.0000  1112       28.0000       22.0000  2705594   21.43%
   1395   973       22.0000  1333       28.0000       22.0000  2731968   21.43%
   1414   964       22.2105  1040       28.0000       22.0000  2741911   21.43%
   1431   993       22.0000  1083       28.0000       22.0000  2763922   21.43%
Elapsed time = 2480.91 sec. (411152.14 ticks, tree = 7.63 MB, solutions = 1)
   1443  1015       22.5408   953       28.0000       22.0000  2854865   21.43%
   1455  1053       24.0000  1026       28.0000       22.0000  2928127   21.43%
   1479  1064       22.0000  1803       28.0000       22.0000  2973352   21.43%
   1519  1063       26.0000   911       28.0000       22.0000  2968184   21.43%
   1545  1073       24.2368  1073       28.0000       22.0000  3000325   21.43%
   1583  1084       22.0000  1672       28.0000       22.0000  3001530   21.43%
   1616  1130       22.0000  1250       28.0000       22.0000  3148783   21.43%
   1652  1140       22.0000  1226       28.0000       22.0000  3164172   21.43%
   1663  1157       26.0000   964       28.0000       22.0000  3226640   21.43%
   1686  1194       22.0000  1455       28.0000       22.0000  3271047   21.43%
Elapsed time = 2710.98 sec. (451045.28 ticks, tree = 9.20 MB, solutions = 1)
   1711  1197       22.0000  1293       28.0000       22.0000  3293957   21.43%
   1742  1269       22.0000  1359       28.0000       22.0000  3399625   21.43%
   1776  1241    infeasible             28.0000       22.0000  3387001   21.43%
   1810  1300       22.0000   982       28.0000       22.0000  3475416   21.43%
   1836  1330    infeasible             28.0000       22.0000  3566030   21.43%
   1857  1315       22.8070   950       28.0000       22.0000  3526729   21.43%
   1878  1344       26.0000  1104       28.0000       22.0000  3597784   21.43%
   1946  1363       26.0000   829       28.0000       22.0000  3615367   21.43%
   1988  1460       26.0000   856       28.0000       22.0000  3740979   21.43%
   2054  1507       26.0000   733       28.0000       22.0000  3761094   21.43%
Elapsed time = 2932.07 sec. (490428.05 ticks, tree = 11.86 MB, solutions = 1)
   2089  1490       24.0000  1040       28.0000       22.0000  3908871   21.43%
   2164  1518       22.0000  1290       28.0000       22.0000  3791915   21.43%
   2188  1583       22.0000  1190       28.0000       22.0000  4029442   21.43%
   2211  1590    infeasible             28.0000       22.0000  4045233   21.43%
   2231  1605       22.0000  1442       28.0000       22.0000  4078830   21.43%
   2253  1632       22.0000  1048       28.0000       22.0000  4116045   21.43%
   2276  1620       22.0000  1281       28.0000       22.0000  4103548   21.43%
   2308  1653       24.0000   888       28.0000       22.0000  4153026   21.43%
   2349  1694       22.0000  1202       28.0000       22.0000  4230035   21.43%
   2372  1680       22.0000  1467       28.0000       22.0000  4191265   21.43%
Elapsed time = 3165.43 sec. (529475.02 ticks, tree = 13.98 MB, solutions = 1)
   2410  1735       22.0000  1005       28.0000       22.0000  4292975   21.43%
   2433  1768       22.0000  1270       28.0000       22.0000  4332447   21.43%
   2466  1739    infeasible             28.0000       22.0000  4324501   21.43%
   2484  1791       22.0000  1131       28.0000       22.0000  4362014   21.43%
   2492  1852       22.0000  1520       28.0000       22.0000  4505374   21.43%
   2499  1857    infeasible             28.0000       22.0000  4516357   21.43%
   2508  1865       22.2857  1076       28.0000       22.0000  4540216   21.43%
   2518  1929       22.0000  1613       28.0000       22.0000  4595186   21.43%
   2525  1935       22.0000  1545       28.0000       22.0000  4605636   21.43%
   2544  1871       22.0000  1225       28.0000       22.0000  4580626   21.43%
Elapsed time = 3409.59 sec. (570648.95 ticks, tree = 15.94 MB, solutions = 1)
   2560  1953       22.0000  1436       28.0000       22.0000  4628201   21.43%
   2578  1946       22.1000   945       28.0000       22.0000  4665616   21.43%
   2588  1952       23.5238   878       28.0000       22.0000  4684793   21.43%
   2615  1975       22.0000  1371       28.0000       22.0000  4705159   21.43%
   2677  1983       22.0000  1328       28.0000       22.0000  4717705   21.43%
   2686  1992       22.0000  1284       28.0000       22.0000  4731183   21.43%
   2731  2115       26.0000   343       28.0000       22.0000  4814254   21.43%
   2746  2116       22.0000  1434       28.0000       22.0000  4826669   21.43%
   2765  2097    infeasible             28.0000       22.0000  4836605   21.43%
   2779  2007       23.1429  1299       28.0000       22.0000  4766113   21.43%
Elapsed time = 3639.05 sec. (610439.62 ticks, tree = 17.42 MB, solutions = 1)
   2807  2121       24.2857  1309       28.0000       22.0000  4880791   21.43%
   2840  2115       22.0000  1067       28.0000       22.0000  4880546   21.43%
   2868  2155       24.2857  1073       28.0000       22.0000  4908215   21.43%
   2891  2169       24.7778  1080       28.0000       22.0000  4924672   21.43%
   2923  2260    infeasible             28.0000       22.0000  5070747   21.43%
   2951  2287       23.0000  1105       28.0000       22.0000  5137576   21.43%
   2985  2273       22.0000  1163       28.0000       22.0000  5096304   21.43%
   3027  2325       26.0000   836       28.0000       22.0000  5215226   21.43%
   3054  2285       22.0000  1003       28.0000       22.0000  5127294   21.43%
   3079  2349       22.2177  1000       28.0000       22.0000  5290654   21.43%
Elapsed time = 3865.02 sec. (649513.41 ticks, tree = 19.76 MB, solutions = 1)
   3102  2338    infeasible             28.0000       22.0000  5259463   21.43%
   3125  2354    infeasible             28.0000       22.0000  5329083   21.43%
   3142  2394       22.0000  1233       28.0000       22.0000  5395918   21.43%
   3162  2365       22.0000  1175       28.0000       22.0000  5359148   21.43%
   3173  2431    infeasible             28.0000       22.0000  5515837   21.43%
   3183  2416       22.4366   998       28.0000       22.0000  5488414   21.43%
   3212  2458       22.5000  1081       28.0000       22.0000  5611128   21.43%
   3231  2460       23.0833   917       28.0000       22.0000  5689799   21.43%
   3266  2467       24.0000   867       28.0000       22.0000  5636804   21.43%
   3312  2477    infeasible             28.0000       22.0000  5656445   21.43%
Elapsed time = 4089.12 sec. (688824.93 ticks, tree = 21.15 MB, solutions = 1)
   3362  2532    infeasible             28.0000       22.0000  5848873   21.43%
   3380  2528       26.0000   415       28.0000       22.0000  5748560   21.43%
   3406  2610       22.0000  1273       28.0000       22.0000  5933871   21.43%
   3417  2526    infeasible             28.0000       22.0000  5821551   21.43%
   3432  2617       22.0000  1093       28.0000       22.0000  5963892   21.43%
   3446  2634       24.7075  1010       28.0000       22.0000  6014778   21.43%
   3465  2641    infeasible             28.0000       22.0000  6035224   21.43%
   3471  2642    infeasible             28.0000       22.0000  6049534   21.43%
   3479  2648       22.0870  1085       28.0000       22.0000  6067731   21.43%
   3483  2677       22.0000   933       28.0000       22.0000  6194117   21.43%
Elapsed time = 4512.05 sec. (774141.66 ticks, tree = 23.68 MB, solutions = 1)
   3484  2678       22.0000  1801       28.0000       22.0000  6212120   21.43%
   3486  2678       22.0000  1703       28.0000       22.0000  6224651   21.43%
   3490  2679       22.0000  1750       28.0000       22.0000  6269168   21.43%
   3500  1332       22.0000  1995       28.0000       22.0000  6299283   21.43%
   3504  1334       22.0000  1978       28.0000       22.0000  6343432   21.43%
   3509   867       22.0000  1976       28.0000       22.0000  6344782   21.43%
   3514   449       22.0000  1915       28.0000       22.0000  6361712   21.43%
   3520   211       22.0000  1962       28.0000       22.0000  6384912   21.43%
   3526   146       22.0000  1966       28.0000       22.0000  6400640   21.43%
   3530   153       22.0000  1910       28.0000       22.0000  6425108   21.43%
Elapsed time = 4974.68 sec. (848277.99 ticks, tree = 1.38 MB, solutions = 1)
   3535    92       22.0000  1840       28.0000       22.0000  6427503   21.43%
   3539    92       22.0000  1813       28.0000       22.0000  6431499   21.43%
   3547    94       22.0000  1924       28.0000       22.0000  6437438   21.43%
   3553    87       22.0000  1886       28.0000       22.0000  6443315   21.43%
   3556    97       22.0000  1855       28.0000       22.0000  6458384   21.43%
   3559    88       22.0000  1770       28.0000       22.0000  6449862   21.43%
   3564    92       22.0000  1764       28.0000       22.0000  6465335   21.43%
   3571    95       22.0000  1860       28.0000       22.0000  6477685   21.43%
   3576    93       22.0000  1688       28.0000       22.0000  6482233   21.43%
   3587    90       22.0000  1614       28.0000       22.0000  6488434   21.43%
Elapsed time = 5274.35 sec. (892997.95 ticks, tree = 0.47 MB, solutions = 1)
   3600   100       22.0000  1912       28.0000       22.0000  6503268   21.43%
   3609   108       22.0000  1551       28.0000       22.0000  6518160   21.43%
   3620   112       22.0000  1493       28.0000       22.0000  6527767   21.43%
   3629   117       22.0000  1346       28.0000       22.0000  6544342   21.43%
   3633   129       22.0000  1343       28.0000       22.0000  6568643   21.43%
   3638   142       22.0000  1273       28.0000       22.0000  6597893   21.43%
   3645   140       22.0000  1812       28.0000       22.0000  6594753   21.43%
   3657   145       22.0000  1204       28.0000       22.0000  6619955   21.43%
   3670   145       22.0000  1749       28.0000       22.0000  6604763   21.43%
   3685   161       22.0909  1187       28.0000       22.0000  6665491   21.43%
Elapsed time = 5595.61 sec. (944485.62 ticks, tree = 1.96 MB, solutions = 1)
   3694   162    infeasible             28.0000       22.0000  6678215   21.43%
   3705   178       22.0000  1684       28.0000       22.0000  6703454   21.43%
   3712   191       22.0909  1081       28.0000       22.0000  6749003   21.43%
   3725   214       22.0000  1700       28.0000       22.0000  6807471   21.43%
   3737   219       22.0000  1650       28.0000       22.0000  6814949   21.43%
   3756   215       22.0000  1659       28.0000       22.0000  6815832   21.43%
   3776   204    infeasible             28.0000       22.0000  6825539   21.43%
   3794   234       23.0000   830       28.0000       22.0000  6906756   21.43%
   3810   240       24.0288   883       28.0000       22.0000  6923064   21.43%
   3828   256       22.0000  1476       28.0000       22.0000  6951418   21.43%
Elapsed time = 5849.26 sec. (986340.08 ticks, tree = 3.14 MB, solutions = 1)
   3842   300       24.0000  1648       28.0000       22.0000  7022414   21.43%
   3863   258       26.0820   865       28.0000       22.0000  6941308   21.43%
   3885   281       22.0000  1342       28.0000       22.0000  7006705   21.43%
   3901   314       24.0000  1343       28.0000       22.0000  7052384   21.43%
   3916   363       22.0952  1327       28.0000       22.0000  7145592   21.43%
   3935   374       22.1000  1300       28.0000       22.0000  7159124   21.43%
   3951   402       24.0000  1260       28.0000       22.0000  7217171   21.43%
   3975   409       24.0000  1195       28.0000       22.0000  7231453   21.43%
   3994   396       24.0000  1164       28.0000       22.0000  7201187   21.43%
   4028   416       22.0588  1296       28.0000       22.0000  7235149   21.43%
Elapsed time = 6088.12 sec. (1027058.52 ticks, tree = 5.36 MB, solutions = 1)
   4056   426       24.0000   994       28.0000       22.0000  7277353   21.43%
   4080   419       22.1000  1433       28.0000       22.0000  7251622   21.43%
   4090   425       22.1111  1393       28.0000       22.0000  7264201   21.43%
   4103   437       22.0645  1108       28.0000       22.0000  7296458   21.43%
   4115   497       24.1953  1125       28.0000       22.0000  7440221   21.43%
   4126   503       24.6102  1028       28.0000       22.0000  7464107   21.43%
   4135   523       22.0645   991       28.0000       22.0000  7520307   21.43%
   4144   541       22.0000  1947       28.0000       22.0000  7582697   21.43%
   4153   546       22.0000  1891       28.0000       22.0000  7590164   21.43%
   4168   556       22.0000  1857       28.0000       22.0000  7598507   21.43%
Elapsed time = 6330.02 sec. (1068825.96 ticks, tree = 7.40 MB, solutions = 1)
   4181   576       22.0000  1842       28.0000       22.0000  7708789   21.43%
   4191   580       22.0000  1792       28.0000       22.0000  7716358   21.43%
   4201   582       22.0000  1727       28.0000       22.0000  7723537   21.43%
   4213   598       22.0000  1366       28.0000       22.0000  7775668   21.43%
   4225   601       25.1000   871       28.0000       22.0000  7859835   21.43%
   4234   603    infeasible             28.0000       22.0000  7876495   21.43%
   4245   617       22.0000  1289       28.0000       22.0000  7907333   21.43%
   4250   622       22.0000  1225       28.0000       22.0000  7919346   21.43%
   4262   631       22.0000  1663       28.0000       22.0000  7934118   21.43%
   4271   631       22.0000  1173       28.0000       22.0000  7943362   21.43%
Elapsed time = 6582.70 sec. (1111163.48 ticks, tree = 8.07 MB, solutions = 1)
   4283   637       22.1818  1180       28.0000       22.0000  7952771   21.43%
   4297   649       22.0000  1546       28.0000       22.0000  7958644   21.43%
   4310   657       22.0000  1448       28.0000       22.0000  7973123   21.43%
   4324   718       22.1111  1319       28.0000       22.0000  8101527   21.43%
   4345   701       22.0000  1347       28.0000       22.0000  8056806   21.43%
   4359   707       22.0000  1194       28.0000       22.0000  8074994   21.43%
   4364   735       24.0000  1301       28.0000       22.0000  8116555   21.43%
   4369   740       24.0000  1193       28.0000       22.0000  8126925   21.43%
   4380   775       24.0000  1144       28.0000       22.0000  8189222   21.43%
   4391   781       24.0000  1063       28.0000       22.0000  8200737   21.43%
Elapsed time = 6839.43 sec. (1154418.56 ticks, tree = 10.42 MB, solutions = 1)
   4401   757       22.0833  1059       28.0000       22.0000  8186301   21.43%
   4412   791       24.0000   967       28.0000       22.0000  8234544   21.43%
   4421   798       24.0000   990       28.0000       22.0000  8251098   21.43%
   4434   834       22.4000   932       28.0000       22.0000  8340193   21.43%
   4453   842       22.4000   859       28.0000       22.0000  8354958   21.43%
   4473   822       24.2000   890       28.0000       22.0000  8329426   21.43%
   4482   800       22.0000  1546       28.0000       22.0000  8245413   21.43%
   4490   829       22.0000  1910       28.0000       22.0000  8344109   21.43%
   4496   855       22.0000  1898       28.0000       22.0000  8397710   21.43%
   4502   861       22.0000  1890       28.0000       22.0000  8404104   21.43%
Elapsed time = 7105.48 sec. (1198046.90 ticks, tree = 12.54 MB, solutions = 1)
   4509   868       22.0000  1873       28.0000       22.0000  8413339   21.43%
   4521   665       26.0000  1167       28.0000       22.0000  8022313   21.43%
   4541   885       22.0000  1849       28.0000       22.0000  8426944   21.43%
   4557   910       22.0000  1812       28.0000       22.0000  8471879   21.43%
   4566   889       24.0556  1019       28.0000       22.0000  8466148   21.43%
   4569   892       26.0833   984       28.0000       22.0000  8487421   21.43%
   4583   944       27.0000  1064       28.0000       22.0000  8539096   21.43%
   4589   950       24.8571  1018       28.0000       22.0000  8557302   21.43%
   4594   955       24.8188  1072       28.0000       22.0000  8574567   21.43%
   4614   968       24.9044   988       28.0000       22.0000  8591610   21.43%
Elapsed time = 7350.34 sec. (1241082.24 ticks, tree = 14.19 MB, solutions = 1)
   4636   969       22.0000  1762       28.0000       22.0000  8562445   21.43%
   4654   975       22.0000  1692       28.0000       22.0000  8571828   21.43%
   4676   969    infeasible             28.0000       22.0000  8609861   21.43%
   4698   974    infeasible             28.0000       22.0000  8629659   21.43%
   4728   993       22.0000  1486       28.0000       22.0000  8603095   21.43%
   4751  1050       22.0000  1401       28.0000       22.0000  8743771   21.43%
   4780   998       22.0000  1829       28.0000       22.0000  8671445   21.43%
   4797  1117       22.0000  1784       28.0000       22.0000  8871319   21.43%
   4813  1125       22.0000  1731       28.0000       22.0000  8879474   21.43%
   4826  1115       22.0000  1858       28.0000       22.0000  8889534   21.43%
Elapsed time = 7571.97 sec. (1280127.16 ticks, tree = 16.30 MB, solutions = 1)
   4849  1128       22.0000  1848       28.0000       22.0000  8898412   21.43%
   4876  1138       22.0000  1807       28.0000       22.0000  8906992   21.43%
   4890  1159       22.0000  1152       28.0000       22.0000  8977216   21.43%
   4905  1209       22.0000  1787       28.0000       22.0000  9044508   21.43%
   4926  1217       22.0000  1729       28.0000       22.0000  9053271   21.43%
   4944  1221       22.0000  1451       28.0000       22.0000  9026335   21.43%
   4958  1236       22.0000  1083       28.0000       22.0000  9133481   21.43%
   4974  1143       22.0000  1800       28.0000       22.0000  8910990   21.43%
   4994  1244       22.0000  1039       28.0000       22.0000  9149382   21.43%
   5010  1249       22.0000  1031       28.0000       22.0000  9166508   21.43%
Elapsed time = 7827.93 sec. (1321969.39 ticks, tree = 18.19 MB, solutions = 1)
   5028  1309       22.0000  1486       28.0000       22.0000  9223994   21.43%
   5047  1331       22.7528  1055       28.0000       22.0000  9298669   21.43%
   5064  1323       22.0000  1363       28.0000       22.0000  9240727   21.43%
   5081  1339       24.4444  1126       28.0000       22.0000  9327828   21.43%
   5107  1350       26.0000  1087       28.0000       22.0000  9339267   21.43%
   5126  1406       22.0000  1144       28.0000       22.0000  9389377   21.43%
   5144  1411       22.0000  1504       28.0000       22.0000  9396893   21.43%
   5167  1428       22.0000  1496       28.0000       22.0000  9406690   21.43%
   5186  1436       22.0000  1427       28.0000       22.0000  9417725   21.43%
   5208  1465       22.0000  1349       28.0000       22.0000  9491659   21.43%
Elapsed time = 8070.28 sec. (1361846.74 ticks, tree = 21.61 MB, solutions = 1)
   5240  1539       22.1667  1281       28.0000       22.0000  9608934   21.43%
   5275  1454       22.0000  1670       28.0000       22.0000  9480317   21.43%
   5305  1508       22.0000  1302       28.0000       22.0000  9587499   21.43%
   5329  1575       24.2000  1039       28.0000       22.0000  9654874   21.43%
   5360  1583       24.5385   968       28.0000       22.0000  9674231   21.43%
   5392  1689    infeasible             28.0000       22.0000  9903864   21.43%
   5409  1693       22.0000  1496       28.0000       22.0000  9913821   21.43%
   5428  1618    infeasible             28.0000       22.0000  9780283   21.43%
   5442  1591       22.6667  1360       28.0000       22.0000  9716092   21.43%
   5473  1725    infeasible             28.0000       22.0000  9971253   21.43%
Elapsed time = 8298.23 sec. (1401732.69 ticks, tree = 23.77 MB, solutions = 1)
   5488  1661       26.0000   857       28.0000       22.0000  9878393   21.43%
   5508  1736       24.0000  1171       28.0000       22.0000  9989627   21.43%
   5527  1791       26.0000   449       28.0000       22.0000 10170002   21.43%
   5548  1748       26.0000   910       28.0000       22.0000 10012172   21.43%
   5576  1751       26.5263   903       28.0000       22.0000 10027798   21.43%
   5589  1776       22.0000  1450       28.0000       22.0000 10097295   21.43%
   5608  1841       22.0000  1423       28.0000       22.0000 10250114   21.43%
   5625  1863       24.0000  1737       28.0000       22.0000 10345742   21.43%
   5653  1825       22.1250  1376       28.0000       22.0000 10231944   21.43%
   5673  1700       22.0000  1485       28.0000       22.0000  9920220   21.43%
Elapsed time = 8555.49 sec. (1441721.46 ticks, tree = 26.27 MB, solutions = 1)
   5692  1878       22.0000  1390       28.0000       22.0000 10376488   21.43%
   5716  1864       24.0000  1001       28.0000       22.0000 10320690   21.43%
   5743  1895       22.0000  1277       28.0000       22.0000 10394461   21.43%
   5758  1903       22.0000  1255       28.0000       22.0000 10406828   21.43%
   5775  1938       24.4615   704       28.0000       22.0000 10503165   21.43%
   5789  1945       26.0000   580       28.0000       22.0000 10526150   21.43%
   5810  1954    infeasible             28.0000       22.0000 10547164   21.43%
   5827  2000    infeasible             28.0000       22.0000 10595268   21.43%
   5843  2028       22.0000  1449       28.0000       22.0000 10707599   21.43%
   5855  2033       22.0000  1419       28.0000       22.0000 10719548   21.43%
Elapsed time = 8792.13 sec. (1483150.11 ticks, tree = 28.58 MB, solutions = 1)
   5868  2042       22.0000  1328       28.0000       22.0000 10736835   21.43%
   5876  2050       22.0000  1281       28.0000       22.0000 10747979   21.43%
   5884  2089       24.0000  1001       28.0000       22.0000 10836967   21.43%
   5890  2093       24.9167   973       28.0000       22.0000 10854679   21.43%
   5898  2097       26.0000  1015       28.0000       22.0000 10868223   21.43%
   5916  2098       22.0000  1880       28.0000       22.0000 10878109   21.43%
   5924  2128       24.0000  1595       28.0000       22.0000 10860938   21.43%
   5940  2139       24.0000  1483       28.0000       22.0000 10871440   21.43%
   5958  2135       22.0000  1806       28.0000       22.0000 10908673   21.43%
   5967  2142       22.0000  1784       28.0000       22.0000 10917485   21.43%
Elapsed time = 9048.39 sec. (1526620.58 ticks, tree = 30.05 MB, solutions = 1)
   5983  2149       22.0000  1647       28.0000       22.0000 10969094   21.43%
   6005  2162       22.0000  1667       28.0000       22.0000 10943145   21.43%
   6030  2177       22.0000  1657       28.0000       22.0000 10953114   21.43%
   6046  2191       24.0000  1407       28.0000       22.0000 11016113   21.43%
   6055  2172       22.0000  1476       28.0000       22.0000 11015326   21.43%
   6069  2216       22.0000  1464       28.0000       22.0000 11065988   21.43%
   6075  2209       24.0000  1167       28.0000       22.0000 11060138   21.43%
   6082  2216       24.0000  1109       28.0000       22.0000 11071603   21.43%
   6083  2217       24.0000  1079       28.0000       22.0000 11074838   21.43%
   6089  2261       24.6250   990       28.0000       22.0000 11160459   21.43%
Elapsed time = 9309.94 sec. (1570874.22 ticks, tree = 31.40 MB, solutions = 1)
   6110  2313       22.0000  1659       28.0000       22.0000 11198626   21.43%
   6130  2321       22.0000  1661       28.0000       22.0000 11204027   21.43%
   6143  2319       22.0000  1107       28.0000       22.0000 11226785   21.43%
   6166  2324       22.0000  1120       28.0000       22.0000 11238605   21.43%
   6186  2320       22.0000  1377       28.0000       22.0000 11221552   21.43%
   6212  2327       22.0000  1377       28.0000       22.0000 11230762   21.43%
   6223  2335       22.0000  1109       28.0000       22.0000 11278899   21.43%
   6239  2377       22.0000   996       28.0000       22.0000 11355619   21.43%
   6256  2344       22.0000  1237       28.0000       22.0000 11261348   21.43%
   6280  2379       22.0000  1336       28.0000       22.0000 11306814   21.43%
Elapsed time = 9572.53 sec. (1611247.17 ticks, tree = 33.53 MB, solutions = 1)
   6301  2384       22.0000  1271       28.0000       22.0000 11315250   21.43%
   6329  2504       22.0000  1214       28.0000       22.0000 11523592   21.43%
   6354  2468    infeasible             28.0000       22.0000 11486438   21.43%
   6377  2409       22.8333  1042       28.0000       22.0000 11455418   21.43%
   6403  2543    infeasible             28.0000       22.0000 11643387   21.43%
   6430  2489       22.0000  1004       28.0000       22.0000 11534204   21.43%
   6448  2584       22.0000  1745       28.0000       22.0000 11744696   21.43%
   6470  2618       24.0000  1037       28.0000       22.0000 11848185   21.43%
   6488  2565       22.0000  1386       28.0000       22.0000 11690523   21.43%
   6504  2622       24.3158  1057       28.0000       22.0000 11886688   21.43%
Elapsed time = 9786.17 sec. (1651074.65 ticks, tree = 36.50 MB, solutions = 1)
   6517  2574       22.0000  1231       28.0000       22.0000 11719024   21.43%
   6533  2661       24.0000  1219       28.0000       22.0000 11945592   21.43%
   6547  2638       22.0000  1182       28.0000       22.0000 11928743   21.43%
   6560  2669       24.0000  1066       28.0000       22.0000 11977852   21.43%
   6572  2686       22.0000  1079       28.0000       22.0000 12050294   21.43%
   6582  2692    infeasible             28.0000       22.0000 12066313   21.43%
   6594  2676    infeasible             28.0000       22.0000 12037408   21.43%
   6615  2681    infeasible             28.0000       22.0000 12059165   21.43%
   6635  2714       22.0000  1447       28.0000       22.0000 12178585   21.43%
   6647  2724       22.0000  1166       28.0000       22.0000 12190979   21.43%
Elapsed time = 10034.70 sec. (1691115.57 ticks, tree = 37.85 MB, solutions = 1)
   6660  2734       22.1667  1084       28.0000       22.0000 12207142   21.43%
   6669  2763       22.0000  1700       28.0000       22.0000 12302309   21.43%
   6676  2770       22.0000  1686       28.0000       22.0000 12313109   21.43%
   6683  2741       22.2007  1137       28.0000       22.0000 12214864   21.43%
   6700  2750       22.2151  1131       28.0000       22.0000 12231641   21.43%
   6720  2794       22.0000  1657       28.0000       22.0000 12345361   21.43%
   6735  2772       22.0000  1427       28.0000       22.0000 12327532   21.43%
   6762  2805       22.0000  1520       28.0000       22.0000 12367052   21.43%
   6775  2824       24.7552   988       28.0000       22.0000 12443886   21.43%
   6794  2786       22.0000  1273       28.0000       22.0000 12364783   21.43%
Elapsed time = 10260.77 sec. (1731145.81 ticks, tree = 39.19 MB, solutions = 1)
   6820  2793       22.0000  1234       28.0000       22.0000 12379067   21.43%
   6845  2874       22.0000  1371       28.0000       22.0000 12515924   21.43%
   6864  2901       22.0000  1475       28.0000       22.0000 12531939   21.43%
   6898  2922       22.0000  1077       28.0000       22.0000 12608252   21.43%
   6927  2924       22.5556  1145       28.0000       22.0000 12621881   21.43%
   6943  2930       24.0000  1120       28.0000       22.0000 12633295   21.43%
   6964  2975       22.0000  1047       28.0000       22.0000 12760362   21.43%
   6993  3047       22.0000  1367       28.0000       22.0000 12877211   21.43%
   7019  2994       22.0204   985       28.0000       22.0000 12786317   21.43%
   7053  3060       22.0000  1245       28.0000       22.0000 12893580   21.43%
Elapsed time = 10504.26 sec. (1769931.77 ticks, tree = 41.10 MB, solutions = 1)
   7083  2967       22.0000  1667       28.0000       22.0000 12684150   21.43%
   7100  3020       22.4510  1010       28.0000       22.0000 12874735   21.43%
   7140  3159       22.0000  1637       28.0000       22.0000 13066784   21.43%
   7160  3078       22.0000   811       28.0000       22.0000 12951061   21.43%
   7175  3186       22.0000  1267       28.0000       22.0000 13135733   21.43%
   7197  3227       22.1154   868       28.0000       22.0000 13238101   21.43%
   7213  3238       22.3077   681       28.0000       22.0000 13260081   21.43%
   7221  3239       22.0000  1742       28.0000       22.0000 13281217   21.43%
   7233  3212       22.3312  1230       28.0000       22.0000 13187077   21.43%
   7241  3220       22.3333  1001       28.0000       22.0000 13205423   21.43%
Elapsed time = 10766.10 sec. (1812082.64 ticks, tree = 44.21 MB, solutions = 1)
   7250  3227       24.0000  1103       28.0000       22.0000 13221712   21.43%
   7257  3269       24.0000   950       28.0000       22.0000 13337659   21.43%
   7266  3284       22.0000  1447       28.0000       22.0000 13356084   21.43%
   7278  3289       22.0000  1431       28.0000       22.0000 13368097   21.43%
   7301  3298       22.0000  1375       28.0000       22.0000 13378807   21.43%
   7325  3304       22.0000  1617       28.0000       22.0000 13371461   21.43%
   7351  3311       22.0000  1212       28.0000       22.0000 13402842   21.43%
   7369  3313       22.0000  1145       28.0000       22.0000 13418046   21.43%
   7393  3320       22.0000  1119       28.0000       22.0000 13433744   21.43%
   7405  3327       22.0000  1064       28.0000       22.0000 13449766   21.43%
Elapsed time = 10983.37 sec. (1851539.52 ticks, tree = 46.16 MB, solutions = 1)
   7421  3399       22.0000  1026       28.0000       22.0000 13646996   21.43%
   7437  3353       22.0000  1169       28.0000       22.0000 13448677   21.43%
   7450  3357       22.0000  1135       28.0000       22.0000 13463523   21.43%
   7476  3482       22.0000  1069       28.0000       22.0000 13808322   21.43%
   7509  3490       22.0000  1026       28.0000       22.0000 13826079   21.43%
   7538  3458       22.0000  1410       28.0000       22.0000 13751981   21.43%
   7567  3503       22.0000  1147       28.0000       22.0000 13947205   21.43%
   7585  3472       26.0000  1418       28.0000       22.0000 13778901   21.43%
   7614  3511       22.0000   976       28.0000       22.0000 13979100   21.43%
   7643  3542       22.0000  1172       28.0000       22.0000 14102427   21.43%
Elapsed time = 11208.01 sec. (1891926.18 ticks, tree = 48.12 MB, solutions = 1)
   7664  3643       22.0000  1130       28.0000       22.0000 14318613   21.43%
   7691  3623       22.0000  1359       28.0000       22.0000 14206318   21.43%
   7715  3524       22.0000   795       28.0000       22.0000 14047995   21.43%
   7731  3657       24.2353   886       28.0000       22.0000 14359114   21.43%
   7744  3668       23.0000   979       28.0000       22.0000 14453585   21.43%
   7762  3706       26.0000   976       28.0000       22.0000 14527070   21.43%
   7787  3716    infeasible             28.0000       22.0000 14537995   21.43%
   7800  3718       22.0000  1332       28.0000       22.0000 14549798   21.43%
   7820  3743       22.0000  1300       28.0000       22.0000 14628420   21.43%
   7825  3688       22.3636   811       28.0000       22.0000 14545824   21.43%
Elapsed time = 11464.52 sec. (1932464.17 ticks, tree = 50.23 MB, solutions = 1)
   7835  3752       22.0000  1121       28.0000       22.0000 14653857   21.43%
   7844  3696       25.3333   893       28.0000       22.0000 14578601   21.43%
   7857  3756       22.0000  1039       28.0000       22.0000 14666802   21.43%
   7873  3763       22.0000  1003       28.0000       22.0000 14683833   21.43%
   7885  3784       26.0000   809       28.0000       22.0000 14776103   21.43%
   7916  3806       22.0000  1259       28.0000       22.0000 14807639   21.43%
   7931  3795       22.0000  1549       28.0000       22.0000 14793616   21.43%
   7961  3820       24.0000  1287       28.0000       22.0000 14834620   21.43%
   7987  3852       22.6154   911       28.0000       22.0000 14938861   21.43%
   8003  3825       22.0000  1436       28.0000       22.0000 14821396   21.43%
Elapsed time = 11695.57 sec. (1972355.21 ticks, tree = 52.00 MB, solutions = 1)
   8024  3926       22.0000  1284       28.0000       22.0000 15005657   21.43%
   8050  3942       22.0000  1238       28.0000       22.0000 15020219   21.43%
   8066  3964       24.0000  1099       28.0000       22.0000 15072520   21.43%
   8080  3949       24.0000  1089       28.0000       22.0000 15054675   21.43%
   8102  3962    infeasible             28.0000       22.0000 15073382   21.43%
   8117  3973       24.1818  1016       28.0000       22.0000 15093262   21.43%
   8127  3979    infeasible             28.0000       22.0000 15115217   21.43%
   8145  4027       22.0000  1578       28.0000       22.0000 15215049   21.43%
   8157  4079       24.0000  1101       28.0000       22.0000 15340324   21.43%
   8177  4090       22.0000  1256       28.0000       22.0000 15361337   21.43%
Elapsed time = 11930.08 sec. (2013239.50 ticks, tree = 55.11 MB, solutions = 1)
   8197  4093       22.0000  1139       28.0000       22.0000 15375400   21.43%
   8218  4091       22.0000  1560       28.0000       22.0000 15386762   21.43%
   8236  4109       22.0000  1025       28.0000       22.0000 15406881   21.43%
   8257  4103       22.0000  1452       28.0000       22.0000 15408910   21.43%
   8272  4134       22.0000  1338       28.0000       22.0000 15448984   21.43%
   8279  4116       22.0000  1227       28.0000       22.0000 15434058   21.43%
   8288  4138       22.0000  1279       28.0000       22.0000 15478817   21.43%
   8296  4170       22.0000  1086       28.0000       22.0000 15549166   21.43%
   8313  4173       22.0000  1026       28.0000       22.0000 15565381   21.43%
   8318  4177       22.0000  1007       28.0000       22.0000 15583799   21.43%
Elapsed time = 12150.17 sec. (2055175.98 ticks, tree = 56.10 MB, solutions = 1)
   8323  4182       22.0000   994       28.0000       22.0000 15601483   21.43%
   8330  4185       22.0000   966       28.0000       22.0000 15619793   21.43%
   8345  4192       22.0000   967       28.0000       22.0000 15634646   21.43%
   8358  4195       22.0909   996       28.0000       22.0000 15648749   21.43%
   8366  4210       22.0000  1353       28.0000       22.0000 15712840   21.43%
   8387  4217       22.0000  1335       28.0000       22.0000 15721858   21.43%
   8400  4235       22.0000  1257       28.0000       22.0000 15758150   21.43%
   8428  4270       22.4000  1016       28.0000       22.0000 15885421   21.43%
   8449  4253       22.0000  1146       28.0000       22.0000 15782051   21.43%
   8472  4259       22.0000  1101       28.0000       22.0000 15793623   21.43%
Elapsed time = 12384.31 sec. (2094640.55 ticks, tree = 58.00 MB, solutions = 1)
   8502  4311       22.2000  1147       28.0000       22.0000 15960321   21.43%
   8537  4305       26.0000   919       28.0000       22.0000 15942152   21.43%
   8575  4361       24.0000  1170       28.0000       22.0000 16064280   21.43%
   8633  4394       22.0000  1061       28.0000       22.0000 16075782   21.43%
   8653  4433       22.0000  1262       28.0000       22.0000 16239735   21.43%
   8685  4409       22.1778  1075       28.0000       22.0000 16106073   21.43%
   8725  4424       22.1778   958       28.0000       22.0000 16122215   21.43%
   8736  4456       22.3750  1118       28.0000       22.0000 16284015   21.43%
   8758  4435       26.0000   834       28.0000       22.0000 16154558   21.43%
   8769  4533       22.0000  1336       28.0000       22.0000 16368799   21.43%
Elapsed time = 12617.31 sec. (2134209.28 ticks, tree = 61.82 MB, solutions = 1)
   8775  4539       22.0000  1193       28.0000       22.0000 16384661   21.43%
   8783  4410       22.0000  1241       28.0000       22.0000 16180590   21.43%
   8794  4574       22.0000  1166       28.0000       22.0000 16443428   21.43%
   8813  4584       22.0000  1035       28.0000       22.0000 16462167   21.43%
   8840  4563       22.1667  1163       28.0000       22.0000 16431679   21.43%
   8863  4574       22.1667  1031       28.0000       22.0000 16447440   21.43%
   8879  4579       22.1803  1022       28.0000       22.0000 16465867   21.43%
   8899  4663       22.1803  1000       28.0000       22.0000 16628350   21.43%
   8931  4676       24.0000  1195       28.0000       22.0000 16644430   21.43%
   8959  4609       22.2917   741       28.0000       22.0000 16581874   21.43%
Elapsed time = 12844.12 sec. (2176163.30 ticks, tree = 63.35 MB, solutions = 1)
   8970  4713       22.3333   706       28.0000       22.0000 16797860   21.43%
   8994  4719       22.0000  1356       28.0000       22.0000 16814620   21.43%
   9011  4337       22.0000  1857       28.0000       22.0000 16040570   21.43%
   9034  4767       22.0000  1099       28.0000       22.0000 16957457   21.43%
   9065  4699       22.4429  1072       28.0000       22.0000 16713147   21.43%
   9096  4770       22.0000  1117       28.0000       22.0000 16857820   21.43%
   9124  4862       24.0000  1037       28.0000       22.0000 17151580   21.43%
   9141  4818       22.0000  1610       28.0000       22.0000 17077369   21.43%
   9211  4917       26.0000  1060       28.0000       22.0000 17177535   21.43%
   9260  4809    infeasible             28.0000       22.0000 17034297   21.43%
Elapsed time = 13083.43 sec. (2215832.80 ticks, tree = 66.72 MB, solutions = 1)
   9284  4845       22.0000  1493       28.0000       22.0000 17105066   21.43%
   9321  4859       22.0000  1497       28.0000       22.0000 17113786   21.43%
   9356  4943       24.0000  1095       28.0000       22.0000 17220377   21.43%
   9382  5029       26.0000   919       28.0000       22.0000 17420767   21.43%
   9402  4943       22.0000  1606       28.0000       22.0000 17326345   21.43%
   9431  5058       22.0000  1505       28.0000       22.0000 17474289   21.43%
   9471  4955       22.0000  1470       28.0000       22.0000 17345770   21.43%
   9496  5085       22.0000  1415       28.0000       22.0000 17495482   21.43%
   9530  5061       22.0000  1015       28.0000       22.0000 17499371   21.43%
   9563  4975       24.0000  1458       28.0000       22.0000 17380901   21.43%
Elapsed time = 13310.19 sec. (2255412.75 ticks, tree = 70.21 MB, solutions = 1)
   9599  5071       22.1250  1039       28.0000       22.0000 17536116   21.43%
   9624  5121       22.0000  1176       28.0000       22.0000 17546021   21.43%
   9653  5212       22.0000  1353       28.0000       22.0000 17688685   21.43%
   9689  5243       26.0000  1079       28.0000       22.0000 17760509   21.43%
   9711  5142       24.0000  1107       28.0000       22.0000 17579208   21.43%
   9729  5377       24.0000  1031       28.0000       22.0000 17976411   21.43%
   9749  5382       24.2000  1147       28.0000       22.0000 17989500   21.43%
   9769  5394       26.3333  1145       28.0000       22.0000 17999025   21.43%
   9784  5396       22.0000  1489       28.0000       22.0000 18010398   21.43%
   9796  5313       22.0816  1244       28.0000       22.0000 17971899   21.43%
Elapsed time = 13546.46 sec. (2295967.54 ticks, tree = 73.44 MB, solutions = 1)
   9816  5322       24.0000  1268       28.0000       22.0000 17982080   21.43%
   9842  5465       22.1050  1120       28.0000       22.0000 18129248   21.43%
   9873  5518       22.1333  1154       28.0000       22.0000 18240043   21.43%
   9903  5524       22.1333  1102       28.0000       22.0000 18254522   21.43%
   9925  5435       22.0000  1132       28.0000       22.0000 18076961   21.43%
   9950  5512       26.0000   795       28.0000       22.0000 18175895   21.43%
   9967  5542       22.1412  1020       28.0000       22.0000 18303759   21.43%
   9987  5564       22.0000  1029       28.0000       22.0000 18376080   21.43%
   9999  5551       22.2018  1047       28.0000       22.0000 18342710   21.43%
  10011  5575    infeasible             28.0000       22.0000 18403376   21.43%
Elapsed time = 13791.86 sec. (2337173.62 ticks, tree = 74.99 MB, solutions = 1)
  10027  5584       22.0000   979       28.0000       22.0000 18418217   21.43%
  10041  5603       22.0000  1100       28.0000       22.0000 18485891   21.43%
  10058  5593       22.3125  1000       28.0000       22.0000 18449883   21.43%
  10105  5613       22.0000  1074       28.0000       22.0000 18511785   21.43%
  10163  5698       24.0000   920       28.0000       22.0000 18679756   21.43%
  10206  5817       24.0000  1212       28.0000       22.0000 18734877   21.43%
  10240  5800       25.2613  1052       28.0000       22.0000 18889453   21.43%
  10266  5810       24.5000  1033       28.0000       22.0000 18907083   21.43%
  10297  5818    infeasible             28.0000       22.0000 18925185   21.43%
  10310  5825       22.0000  1523       28.0000       22.0000 18937289   21.43%
Elapsed time = 14016.99 sec. (2376900.78 ticks, tree = 78.31 MB, solutions = 1)
  10335  5852       24.2924  1101       28.0000       22.0000 18781880   21.43%
  10359  5836       22.0000  1436       28.0000       22.0000 18962381   21.43%
  10380  5871       26.0154  1053       28.0000       22.0000 19034810   21.43%
  10404  5853       22.0000  1325       28.0000       22.0000 18986263   21.43%
  10418  6049       23.0000  1353       28.0000       22.0000 19261999   21.43%
  10439  5988       22.0000  1176       28.0000       22.0000 19150810   21.43%
  10467  5998       24.0000  1300       28.0000       22.0000 19165598   21.43%
  10486  6010       24.1304  1246       28.0000       22.0000 19179600   21.43%
  10511  6072       22.0000   989       28.0000       22.0000 19360404   21.43%
  10549  6078       22.0000  1006       28.0000       22.0000 19377141   21.43%
Elapsed time = 14235.84 sec. (2417282.48 ticks, tree = 82.23 MB, solutions = 1)
  10593  6118       22.1667  1414       28.0000       22.0000 19468679   21.43%
  10624  6128       22.1667  1427       28.0000       22.0000 19480969   21.43%
  10644  6134       22.1667  1391       28.0000       22.0000 19494558   21.43%
  10677  6207       24.2182  1113       28.0000       22.0000 19607206   21.43%
  10693  6217       24.4000  1044       28.0000       22.0000 19620062   21.43%
  10724  6104       22.0000   867       28.0000       22.0000 19486569   21.43%
  10744  6242    infeasible             28.0000       22.0000 19649614   21.43%

Cover cuts applied:  1

Root node processing (before b&c):
  Real time             =  284.99 sec. (46077.25 ticks)
Parallel b&c, 4 threads:
  Real time             = 14115.05 sec. (2402191.13 ticks)
  Sync time (average)   =  646.04 sec.
  Wait time (average)   =    0.03 sec.
                          ------------
Total (root+branch&cut) = 14400.04 sec. (2448268.38 ticks)
P#1 = 1.0
P#11 = 1.0
P#28 = 1.0
P#48 = 1.0
P#53 = 1.0
P#55 = 1.0
P#59 = 1.0
P#66 = 1.0
P#77 = 1.0
P#83 = 1.0
P#111 = 1.0
P#117 = 1.0
P#140 = 1.0
P#146 = 1.0
P#152 = 1.0
P#158 = 1.0
P#164 = 1.0
P#166 = 1.0
P#168 = 1.0
P#177 = 0.9999999999999836
P#195 = 1.0
P#212 = 1.0
P#222 = 1.0
P#56 = 1.0
X#1#59 = 1.0
X#2#117 = 1.0
X#3#56 = 1.0
X#4#66 = 1.0
X#5#55 = 1.0
X#6#177 = 0.9999999999999836
X#7#28 = 1.0
X#8#83 = 1.0
X#9#11 = 1.0
X#10#168 = 1.0
X#11#140 = 1.0
X#12#1 = 1.0
X#13#146 = 1.0
X#14#222 = 1.0
X#15#195 = 1.0
X#16#158 = 1.0
X#17#164 = 1.0
X#18#53 = 1.0
X#19#48 = 1.0
X#20#212 = 1.0
X#21#111 = 1.0
X#22#166 = 1.0
X#23#77 = 1.0
X#24#152 = 1.0
L#1#2 = 1.0
L#1#4 = 1.0
L#1#6 = 1.0
L#1#8 = 1.0
L#1#10 = 1.0
L#1#12 = 1.0
L#1#14 = 1.0
L#1#16 = 1.0
L#1#18 = 1.0
L#1#19 = 1.0
L#1#21 = 1.0
L#1#23 = 1.0
L#2#1 = 1.0
L#2#4 = 1.0
L#2#6 = 1.0
L#2#8 = 1.0
L#2#10 = 1.0
L#2#12 = 1.0
L#2#13 = 1.0
L#2#15 = 1.0
L#2#17 = 1.0
L#2#19 = 1.0
L#2#21 = 1.0
L#2#23 = 1.0
L#3#2 = 1.0
L#3#4 = 1.0
L#3#6 = 1.0
L#3#8 = 1.0
L#3#10 = 1.0
L#3#12 = 1.0
L#3#14 = 1.0
L#3#16 = 1.0
L#3#18 = 1.0
L#3#20 = 1.0
L#3#22 = 1.0
L#4#2 = 1.0
L#4#4 = 1.0
L#4#6 = 1.0
L#4#8 = 1.0
L#4#10 = 1.0
L#4#12 = 1.0
L#4#14 = 1.0
L#4#15 = 1.0
L#4#17 = 1.0
L#4#19 = 1.0
L#4#21 = 1.0
L#4#23 = 1.0
L#5#2 = 1.0
L#5#4 = 1.0
L#5#6 = 1.0
L#5#8 = 1.0
L#5#10 = 1.0
L#5#12 = 1.0
L#5#14 = 1.0
L#5#16 = 1.0
L#5#18 = 1.0
L#5#20 = 1.0
L#5#23 = 1.0
L#6#1 = 0.9999999999999836
L#6#3 = 1.0
L#6#5 = 1.0000000000000364
L#6#7 = 1.0
L#6#9 = 1.0
L#6#11 = 1.0
L#6#13 = 0.9999999999999696
L#6#15 = 1.0
L#6#16 = 0.9999999999999868
L#6#18 = 0.9999999999999902
L#6#20 = 1.0
L#6#22 = 1.0
L#7#2 = 1.0
L#7#4 = 1.0
L#7#6 = 1.0
L#7#8 = 1.0
L#7#11 = 1.0
L#7#13 = 1.0
L#7#15 = 1.0
L#7#17 = 1.0
L#7#19 = 1.0
L#7#21 = 1.0
L#7#23 = 1.0
L#8#2 = 1.0
L#8#4 = 1.0
L#8#6 = 1.0
L#8#8 = 1.0
L#8#9 = 1.0
L#8#11 = 1.0
L#8#13 = 1.0
L#8#15 = 1.0
L#8#17 = 1.0
L#8#19 = 1.0
L#8#22 = 1.0
L#9#2 = 1.0
L#9#4 = 1.0
L#9#7 = 1.0
L#9#9 = 1.0
L#9#11 = 1.0
L#9#13 = 1.0
L#9#15 = 1.0
L#9#17 = 1.0
L#9#19 = 1.0
L#9#21 = 1.0
L#9#23 = 1.0
L#10#1 = 1.0
L#10#3 = 1.0
L#10#5 = 1.0
L#10#7 = 1.0
L#10#9 = 1.0
L#10#11 = 1.0
L#10#13 = 1.0
L#10#15 = 1.0
L#10#17 = 1.0
L#10#19 = 1.0
L#10#21 = 1.0
L#10#22 = 1.0
L#11#1 = 1.0
L#11#3 = 1.0
L#11#5 = 1.0
L#11#7 = 1.0
L#11#10 = 1.0
L#11#12 = 1.0
L#11#14 = 1.0
L#11#16 = 1.0
L#11#18 = 1.0
L#11#20 = 1.0
L#11#21 = 1.0
L#11#23 = 1.0
L#12#2 = 1.0
L#12#5 = 1.0
L#12#7 = 1.0
L#12#9 = 1.0
L#12#11 = 1.0
L#12#13 = 1.0
L#12#15 = 1.0
L#12#17 = 1.0
L#12#19 = 1.0
L#12#21 = 1.0
L#12#23 = 1.0
L#13#1 = 1.0
L#13#3 = 1.0
L#13#5 = 1.0
L#13#7 = 1.0
L#13#9 = 1.0
L#13#12 = 1.0
L#13#14 = 1.0
L#13#16 = 1.0
L#13#18 = 1.0
L#13#20 = 1.0
L#13#22 = 1.0
L#14#1 = 1.0
L#14#3 = 1.0
L#14#4 = 1.0
L#14#6 = 1.0
L#14#8 = 1.0
L#14#10 = 1.0
L#14#12 = 1.0
L#14#14 = 1.0
L#14#16 = 1.0
L#14#18 = 1.0
L#14#20 = 1.0
L#14#22 = 1.0
L#15#1 = 1.0
L#15#3 = 1.0
L#15#5 = 1.0
L#15#7 = 1.0
L#15#9 = 1.0
L#15#10 = 1.0
L#15#12 = 1.0
L#15#14 = 1.0
L#15#16 = 1.0
L#15#18 = 1.0
L#15#20 = 1.0
L#15#22 = 1.0
L#16#1 = 1.0
L#16#3 = 1.0
L#16#5 = 1.0
L#16#7 = 1.0
L#16#9 = 1.0
L#16#11 = 1.0
L#16#13 = 1.0
L#16#16 = 1.0
L#16#18 = 1.0
L#16#20 = 1.0
L#16#21 = 1.0
L#16#23 = 1.0
L#17#1 = 1.0
L#17#3 = 1.0
L#17#5 = 1.0
L#17#7 = 1.0
L#17#9 = 1.0
L#17#11 = 1.0
L#17#13 = 1.0
L#17#15 = 1.0
L#17#17 = 1.0
L#17#20 = 1.0
L#17#22 = 1.0
L#18#2 = 1.0
L#18#4 = 1.0
L#18#6 = 1.0
L#18#8 = 1.0
L#18#10 = 1.0
L#18#12 = 1.0
L#18#14 = 1.0
L#18#16 = 1.0
L#18#18 = 1.0
L#18#21 = 1.0
L#18#23 = 1.0
L#19#2 = 1.0
L#19#4 = 1.0
L#19#6 = 1.0
L#19#8 = 1.0
L#19#10 = 1.0
L#19#12 = 1.0
L#19#14 = 1.0
L#19#17 = 1.0
L#19#19 = 1.0
L#19#20 = 1.0
L#19#22 = 1.0
L#20#1 = 1.0
L#20#3 = 1.0
L#20#5 = 1.0000000000000178
L#20#6 = 1.0
L#20#8 = 1.0
L#20#10 = 1.0
L#20#12 = 1.0
L#20#14 = 1.0
L#20#16 = 1.0
L#20#18 = 1.0
L#20#20 = 1.0
L#20#22 = 1.0
L#21#2 = 1.0
L#21#3 = 1.0
L#21#5 = 1.0
L#21#7 = 1.0
L#21#9 = 1.0
L#21#11 = 1.0
L#21#13 = 1.0
L#21#15 = 1.0
L#21#17 = 1.0
L#21#19 = 1.0
L#21#21 = 1.0
L#21#23 = 1.0
L#22#1 = 1.0
L#22#3 = 1.0
L#22#5 = 1.0
L#22#7 = 1.0
L#22#9 = 1.0
L#22#11 = 1.0
L#22#13 = 1.0
L#22#15 = 1.0
L#22#17 = 1.0
L#22#19 = 1.0
L#22#22 = 1.0
L#23#2 = 1.0
L#23#4 = 1.0
L#23#6 = 1.0
L#23#8 = 1.0
L#23#10 = 1.0
L#23#11 = 1.0
L#23#13 = 1.0
L#23#15 = 1.0
L#23#17 = 1.0
L#23#19 = 1.0
L#23#21 = 1.0
L#23#23 = 1.0
L#24#1 = 1.0
L#24#3 = 1.0
L#24#5 = 1.0
L#24#7 = 1.0
L#24#9 = 1.0
L#24#11 = 1.0
L#24#14 = 1.0
L#24#16 = 1.0
L#24#18 = 1.0
L#24#20 = 1.0
L#24#22 = 1.0
F#2#1#13 = 1.0
F#1#3#23 = 1.0
F#4#1#15 = 1.0
F#5#1#20 = 1.0
F#1#6#4 = 0.999999999999956
F#1#7#18 = 1.0
F#1#8#10 = 1.0
F#1#9#12 = 1.0
F#1#10#8 = 1.0
F#11#1#3 = 1.0
F#12#1#11 = 1.0
F#13#1#22 = 1.0
F#1#14#21 = 1.0
F#1#15#2 = 1.0
F#16#1#7 = 1.0
F#1#17#6 = 1.0
F#1#18#19 = 1.0
F#19#1#17 = 1.0
F#20#1#1 = 1.0000000000000073
F#1#21#16 = 1.0
F#22#1#5 = 0.9999999999999822
F#1#23#14 = 1.0
F#24#1#9 = 1.0
F#3#2#18 = 1.000000000000006
F#2#4#1 = 1.0
F#2#5#19 = 1.0000000000000346
F#6#2#5 = 1.0000000000000364
F#7#2#2 = 1.0
F#2#8#12 = 1.0
F#2#9#6 = 1.0
F#10#2#22 = 1.0
F#2#11#17 = 1.0000000000000346
F#12#2#7 = 1.0
F#13#2#20 = 1.0
F#2#14#23 = 1.0
F#15#2#3 = 1.0
F#16#2#16 = 1.0
F#2#17#4 = 1.0
F#18#2#14 = 1.0
F#2#19#15 = 1.0000000000000158
F#2#20#21 = 1.000000000000006
F#21#2#9 = 1.0
F#2#22#10 = 1.0
F#23#2#11 = 1.0
F#2#24#8 = 1.0
F#4#3#21 = 1.0
F#3#5#22 = 1.0
F#6#3#7 = 1.0
F#3#7#14 = 1.0
F#8#3#19 = 1.0
F#9#3#17 = 1.0
F#3#10#10 = 1.0
F#3#11#8 = 1.0
F#12#3#15 = 1.0
F#3#13#4 = 1.000000000000044
F#14#3#1 = 1.0
F#15#3#5 = 1.0
F#3#16#6 = 1.000000000000003
F#17#3#9 = 0.9999999999999837
F#3#18#20 = 1.0
F#3#19#16 = 1.0
F#20#3#3 = 1.0
F#21#3#11 = 1.0
F#3#22#12 = 1.0
F#23#3#13 = 1.0
F#3#24#2 = 1.0
F#4#5#17 = 1.0000000000000346
F#4#6#2 = 0.9999999999999996
F#7#4#13 = 1.0
F#8#4#11 = 1.0
F#4#9#10 = 1.0
F#10#4#9 = 0.9999999999999605
F#4#11#19 = 1.0000000000000346
F#4#12#14 = 1.0
F#13#4#3 = 0.9999999999999996
F#14#4#22 = 1.0
F#4#15#4 = 1.0
F#4#16#8 = 1.0000000000000513
F#4#17#23 = 1.0
F#18#4#16 = 1.0
F#19#4#20 = 1.0
F#20#4#18 = 1.0000000000000178
F#4#21#6 = 1.0
F#22#4#7 = 1.0
F#4#23#12 = 1.0
F#24#4#5 = 1.0
F#5#6#8 = 0.9999999999998463
F#5#7#16 = 1.0
F#8#5#15 = 1.0
F#5#9#14 = 1.0
F#5#10#12 = 0.9999999999999791
F#11#5#5 = 1.0000000000000364
F#5#12#10 = 1.0
F#13#5#1 = 1.000000000000044
F#14#5#3 = 1.0
F#15#5#9 = 0.9999999999999821
F#5#16#4 = 1.0
F#17#5#7 = 0.9999999999999822
F#18#5#21 = 1.0
F#5#19#23 = 1.0
F#5#20#2 = 1.0
F#21#5#13 = 1.0
F#22#5#11 = 1.0
F#5#23#18 = 1.0
F#5#24#6 = 1.0
F#6#7#1 = 1.0
F#6#8#20 = 1.0
F#9#6#19 = 1.0
F#6#10#16 = 0.9999999999999868
F#11#6#10 = 0.9999999999999984
F#12#6#21 = 1.0
F#6#13#13 = 0.9999999999999696
F#6#14#9 = 1.0
F#6#15#11 = 1.0
F#6#16#15 = 1.0
F#17#6#17 = 1.0
F#18#6#6 = 0.9999999999999821
F#6#19#3 = 1.0
F#20#6#12 = 0.9999999999999791
F#6#21#22 = 1.0
F#6#22#18 = 0.9999999999999902
F#23#6#23 = 1.0
F#24#6#14 = 1.0
F#7#8#21 = 1.0
F#9#7#9 = 1.0
F#10#7#7 = 1.0
F#11#7#12 = 1.0
F#7#12#4 = 1.0
F#7#13#6 = 1.0
F#7#14#17 = 1.0
F#7#15#19 = 1.0
F#16#7#20 = 1.0
F#17#7#5 = 1.0
F#7#18#11 = 1.0
F#19#7#22 = 1.0
F#7#20#15 = 1.0
F#7#21#8 = 1.0
F#22#7#3 = 1.0
F#23#7#10 = 1.0
F#7#24#23 = 1.0
F#9#8#7 = 1.0
F#10#8#3 = 1.0
F#8#11#6 = 1.0
F#8#12#22 = 1.0
F#8#13#2 = 1.0
F#14#8#16 = 1.0
F#15#8#18 = 1.0
F#16#8#23 = 1.0
F#8#17#8 = 1.0
F#8#18#13 = 1.0
F#19#8#14 = 1.0000000000000349
F#8#20#17 = 1.0000000000000346
F#21#8#5 = 1.0
F#8#22#4 = 1.0
F#8#23#9 = 1.0
F#24#8#1 = 1.0
F#9#10#2 = 1.0
F#11#9#20 = 1.0
F#12#9#5 = 1.0
F#9#13#21 = 0.9999999999999817
F#14#9#18 = 1.0000000000000289
F#9#15#23 = 1.0
F#16#9#1 = 1.0000000000000484
F#17#9#3 = 1.0
F#9#18#15 = 1.0
F#9#19#11 = 1.000000000000004
F#20#9#16 = 1.0000000000000195
F#9#21#4 = 1.0
F#22#9#22 = 1.0
F#23#9#8 = 1.0
F#9#24#13 = 1.0000000000000235
F#10#11#15 = 1.0
F#10#12#1 = 1.0
F#13#10#18 = 0.9999999999999685
F#10#14#11 = 1.0
F#15#10#14 = 1.0
F#10#16#17 = 0.9999999999999868
F#10#17#19 = 1.0
F#18#10#4 = 1.0
F#10#19#13 = 0.9999999999999396
F#20#10#6 = 1.0
F#21#10#23 = 1.0
F#10#22#21 = 1.0
F#10#23#5 = 1.0
F#24#10#20 = 0.9999999999999989
F#11#12#16 = 1.0
F#13#11#9 = 0.9999999999999821
F#11#14#7 = 1.0
F#11#15#21 = 0.9999999999999821
F#16#11#11 = 1.000000000000011
F#17#11#13 = 1.0000000000000357
F#11#18#1 = 1.0000000000000349
F#19#11#2 = 1.0000000000000067
F#11#20#23 = 1.0
F#11#21#18 = 1.0
F#11#22#14 = 0.9999999999999755
F#23#11#4 = 1.0
F#24#11#22 = 1.0
F#12#13#19 = 1.0
F#14#12#12 = 1.0
F#15#12#20 = 0.9999999999999761
F#16#12#18 = 1.0000000000000289
F#12#17#2 = 1.0
F#12#18#9 = 1.0
F#19#12#8 = 1.000000000000007
F#12#20#13 = 1.0000000000001248
F#21#12#3 = 1.0
F#12#22#23 = 1.0
F#23#12#6 = 1.0
F#12#24#17 = 1.0000000000000235
F#14#13#8 = 1.0
F#15#13#10 = 1.0
F#13#16#12 = 1.0
F#17#13#15 = 1.0
F#18#13#23 = 1.0
F#13#19#5 = 1.0
F#13#20#7 = 0.9999999999999821
F#13#21#14 = 1.0
F#22#13#17 = 1.0
F#13#23#16 = 1.0
F#24#13#11 = 1.0
F#14#15#6 = 1.0
F#14#16#10 = 1.0000000000000178
F#14#17#14 = 1.0
F#18#14#2 = 1.0
F#19#14#19 = 1.0
F#20#14#5 = 1.0000000000000178
F#21#14#15 = 1.0
F#22#14#13 = 1.0
F#14#23#20 = 1.0
F#14#24#4 = 1.0
F#16#15#13 = 1.0000000000000357
F#15#17#16 = 0.9999999999999805
F#15#18#7 = 1.0
F#15#19#1 = 1.0
F#20#15#8 = 1.0
F#21#15#17 = 1.0
F#22#15#15 = 1.0
F#15#23#22 = 1.0
F#15#24#12 = 1.0
F#17#16#22 = 1.0
F#16#18#5 = 1.0
F#16#19#9 = 1.0
F#20#16#14 = 1.0
F#21#16#2 = 1.0
F#22#16#19 = 1.0
F#16#23#3 = 1.0
F#16#24#21 = 1.0
F#18#17#12 = 1.0
F#19#17#10 = 1.0
F#17#20#11 = 1.0
F#21#17#21 = 1.0
F#17#22#20 = 1.0
F#17#23#1 = 1.0
F#24#17#18 = 0.9999999999999989
F#18#19#18 = 1.0
F#20#18#22 = 1.0
F#18#21#10 = 1.0
F#18#22#8 = 0.9999999999999822
F#23#18#17 = 1.0
F#24#18#3 = 1.0
F#19#20#4 = 1.0000000000000073
F#19#21#12 = 1.0
F#19#22#6 = 1.0
F#23#19#21 = 1.0
F#24#19#7 = 1.000000000000019
F#20#21#20 = 1.0
F#22#20#9 = 1.0
F#23#20#19 = 1.0
F#20#24#10 = 1.0
F#22#21#1 = 1.0
F#21#23#7 = 1.0
F#21#24#19 = 1.0
F#23#22#2 = 1.0
F#24#22#16 = 1.0
F#23#24#15 = 1.0
VC#1#2 = 3.0
VC#1#3 = 3.0
VC#1#4 = 2.0
VC#2#2 = 3.0
VC#2#3 = 3.0
VC#2#4 = 2.0
VC#3#2 = 3.0
VC#3#3 = 3.0
VC#3#4 = 2.0
VC#4#2 = 3.0
VC#4#3 = 3.0
VC#4#4 = 2.0
VC#5#2 = 3.0
VC#5#3 = 3.0
VC#5#4 = 2.0
VC#6#2 = 3.0
VC#6#3 = 3.0
VC#6#4 = 2.0
VC#7#2 = 3.0
VC#7#3 = 3.0
VC#7#4 = 2.0
VC#8#2 = 3.0
VC#8#3 = 3.0
VC#8#4 = 2.0
VC#9#1 = 4.0
VC#9#3 = 3.0
VC#9#4 = 2.0
VC#10#1 = 4.0
VC#10#3 = 3.0
VC#10#4 = 2.0
VC#11#1 = 4.0
VC#11#3 = 3.0
VC#11#4 = 2.0
VC#12#1 = 4.0
VC#12#3 = 3.0
VC#12#4 = 2.0
VC#13#1 = 4.0
VC#13#3 = 3.0
VC#13#4 = 2.0
VC#14#1 = 4.0
VC#14#3 = 3.0
VC#14#4 = 2.0
VC#15#1 = 4.0
VC#15#2 = 3.0
VC#15#4 = 2.0
VC#16#1 = 4.0
VC#16#2 = 3.0
VC#16#4 = 2.0
VC#17#1 = 4.0
VC#17#2 = 3.0
VC#17#4 = 2.0
VC#18#1 = 4.0
VC#18#2 = 3.0
VC#18#4 = 2.0
VC#19#1 = 4.0
VC#19#2 = 3.0
VC#19#4 = 2.0
VC#20#1 = 4.0
VC#20#2 = 3.0
VC#20#4 = 2.0
VC#21#1 = 4.0
VC#21#2 = 3.0
VC#21#3 = 3.0
VC#22#1 = 4.0
VC#22#2 = 3.0
VC#22#3 = 3.0
VC#23#1 = 4.0
VC#23#2 = 3.0
VC#23#3 = 3.0
VC#24#1 = 4.0
VC#24#2 = 3.0
VC#24#3 = 3.0
LC#1#2 = 3.0
LC#1#3 = 3.0
LC#1#4 = 2.0
LC#2#2 = 3.0
LC#2#3 = 3.0
LC#2#4 = 2.0
LC#3#2 = 3.0
LC#3#3 = 3.0
LC#3#4 = 2.0
LC#4#2 = 3.0
LC#4#3 = 3.0
LC#4#4 = 2.0
LC#5#2 = 3.0
LC#5#3 = 3.0
LC#5#4 = 2.0
LC#6#2 = 3.0
LC#6#3 = 3.0
LC#6#4 = 2.0
LC#7#2 = 3.0
LC#7#3 = 3.0
LC#7#4 = 2.0
LC#8#2 = 3.0
LC#8#3 = 3.0
LC#8#4 = 2.0
LC#9#1 = 4.0
LC#9#3 = 3.0
LC#9#4 = 2.0
LC#10#1 = 4.0
LC#10#3 = 3.0
LC#10#4 = 2.0
LC#11#1 = 4.0
LC#11#3 = 3.0
LC#11#4 = 2.0
LC#12#1 = 4.0
LC#12#3 = 3.0
LC#12#4 = 2.0
LC#13#1 = 4.0
LC#13#3 = 3.0
LC#13#4 = 2.0
LC#14#1 = 4.0
LC#14#3 = 3.0
LC#14#4 = 2.0
LC#15#1 = 4.0
LC#15#2 = 3.0
LC#15#4 = 2.0
LC#16#1 = 4.0
LC#16#2 = 3.0
LC#16#4 = 2.0
LC#17#1 = 4.0
LC#17#2 = 3.0
LC#17#4 = 2.0
LC#18#1 = 4.0
LC#18#2 = 3.0
LC#18#4 = 2.0
LC#19#1 = 4.0
LC#19#2 = 3.0
LC#19#4 = 2.0
LC#20#1 = 4.0
LC#20#2 = 3.0
LC#20#4 = 2.0
LC#21#1 = 4.0
LC#21#2 = 3.0
LC#21#3 = 3.0
LC#22#1 = 4.0
LC#22#2 = 3.0
LC#22#3 = 3.0
LC#23#1 = 4.0
LC#23#2 = 3.0
LC#23#3 = 3.0
LC#24#1 = 4.0
LC#24#2 = 3.0
LC#24#3 = 3.0
