1,1,0
1,2,1
1,3,0
1,4,0
1,5,1
1,6,0
1,7,1
1,8,0
1,9,1
1,10,0
1,11,1
1,12,0
1,13,1
1,14,0
1,15,1
1,16,0
1,17,1
1,18,0
1,19,1
1,20,0
1,21,1
2,1,0
2,2,1
2,3,0
2,4,0
2,5,1
2,6,0
2,7,1
2,8,0
2,9,1
2,10,0
2,11,1
2,12,0
2,13,1
2,14,0
2,15,1
2,16,0
2,17,1
2,18,0
2,19,1
2,20,1
2,21,0
3,1,0
3,2,1
3,3,0
3,4,0
3,5,1
3,6,0
3,7,1
3,8,0
3,9,1
3,10,0
3,11,1
3,12,0
3,13,1
3,14,0
3,15,1
3,16,0
3,17,1
3,18,1
3,19,0
3,20,1
3,21,0
4,1,0
4,2,1
4,3,0
4,4,0
4,5,1
4,6,0
4,7,1
4,8,0
4,9,1
4,10,0
4,11,1
4,12,0
4,13,1
4,14,0
4,15,1
4,16,1
4,17,0
4,18,1
4,19,0
4,20,1
4,21,0
5,1,0
5,2,1
5,3,0
5,4,0
5,5,1
5,6,0
5,7,1
5,8,0
5,9,1
5,10,0
5,11,1
5,12,0
5,13,1
5,14,1
5,15,0
5,16,1
5,17,0
5,18,1
5,19,0
5,20,1
5,21,0
6,1,0
6,2,1
6,3,0
6,4,0
6,5,1
6,6,0
6,7,1
6,8,0
6,9,1
6,10,0
6,11,1
6,12,1
6,13,0
6,14,1
6,15,0
6,16,1
6,17,0
6,18,1
6,19,0
6,20,1
6,21,0
7,1,0
7,2,1
7,3,0
7,4,0
7,5,1
7,6,0
7,7,1
7,8,0
7,9,1
7,10,1
7,11,0
7,12,1
7,13,0
7,14,1
7,15,0
7,16,1
7,17,0
7,18,1
7,19,0
7,20,1
7,21,0
8,1,0
8,2,1
8,3,0
8,4,0
8,5,1
8,6,0
8,7,1
8,8,1
8,9,0
8,10,1
8,11,0
8,12,1
8,13,0
8,14,1
8,15,0
8,16,1
8,17,0
8,18,1
8,19,0
8,20,1
8,21,0
9,1,0
9,2,1
9,3,0
9,4,0
9,5,1
9,6,1
9,7,0
9,8,1
9,9,0
9,10,1
9,11,0
9,12,1
9,13,0
9,14,1
9,15,0
9,16,1
9,17,0
9,18,1
9,19,0
9,20,1
9,21,0
10,1,0
10,2,1
10,3,0
10,4,1
10,5,0
10,6,0
10,7,1
10,8,0
10,9,1
10,10,0
10,11,1
10,12,0
10,13,1
10,14,0
10,15,1
10,16,0
10,17,1
10,18,0
10,19,1
10,20,0
10,21,1
11,1,0
11,2,1
11,3,0
11,4,1
11,5,0
11,6,0
11,7,1
11,8,0
11,9,1
11,10,0
11,11,1
11,12,0
11,13,1
11,14,0
11,15,1
11,16,0
11,17,1
11,18,0
11,19,1
11,20,1
11,21,0
12,1,0
12,2,1
12,3,0
12,4,1
12,5,0
12,6,0
12,7,1
12,8,0
12,9,1
12,10,0
12,11,1
12,12,0
12,13,1
12,14,0
12,15,1
12,16,0
12,17,1
12,18,1
12,19,0
12,20,1
12,21,0
13,1,0
13,2,1
13,3,0
13,4,1
13,5,0
13,6,0
13,7,1
13,8,0
13,9,1
13,10,0
13,11,1
13,12,0
13,13,1
13,14,0
13,15,1
13,16,1
13,17,0
13,18,1
13,19,0
13,20,1
13,21,0
14,1,0
14,2,1
14,3,0
14,4,1
14,5,0
14,6,0
14,7,1
14,8,0
14,9,1
14,10,0
14,11,1
14,12,0
14,13,1
14,14,1
14,15,0
14,16,1
14,17,0
14,18,1
14,19,0
14,20,1
14,21,0
15,1,0
15,2,1
15,3,0
15,4,1
15,5,0
15,6,0
15,7,1
15,8,0
15,9,1
15,10,0
15,11,1
15,12,1
15,13,0
15,14,1
15,15,0
15,16,1
15,17,0
15,18,1
15,19,0
15,20,1
15,21,0
16,1,0
16,2,1
16,3,0
16,4,1
16,5,0
16,6,0
16,7,1
16,8,0
16,9,1
16,10,1
16,11,0
16,12,1
16,13,0
16,14,1
16,15,0
16,16,1
16,17,0
16,18,1
16,19,0
16,20,1
16,21,0
17,1,0
17,2,1
17,3,0
17,4,1
17,5,0
17,6,0
17,7,1
17,8,1
17,9,0
17,10,1
17,11,0
17,12,1
17,13,0
17,14,1
17,15,0
17,16,1
17,17,0
17,18,1
17,19,0
17,20,1
17,21,0
18,1,0
18,2,1
18,3,0
18,4,1
18,5,0
18,6,1
18,7,0
18,8,0
18,9,1
18,10,0
18,11,1
18,12,0
18,13,1
18,14,0
18,15,1
18,16,0
18,17,1
18,18,0
18,19,1
18,20,0
18,21,1
19,1,0
19,2,1
19,3,0
19,4,1
19,5,0
19,6,1
19,7,0
19,8,0
19,9,1
19,10,0
19,11,1
19,12,0
19,13,1
19,14,0
19,15,1
19,16,0
19,17,1
19,18,0
19,19,1
19,20,1
19,21,0
20,1,0
20,2,1
20,3,0
20,4,1
20,5,0
20,6,1
20,7,0
20,8,0
20,9,1
20,10,0
20,11,1
20,12,0
20,13,1
20,14,0
20,15,1
20,16,0
20,17,1
20,18,1
20,19,0
20,20,1
20,21,0
21,1,0
21,2,1
21,3,0
21,4,1
21,5,0
21,6,1
21,7,0
21,8,0
21,9,1
21,10,0
21,11,1
21,12,0
21,13,1
21,14,0
21,15,1
21,16,1
21,17,0
21,18,1
21,19,0
21,20,1
21,21,0
22,1,0
22,2,1
22,3,0
22,4,1
22,5,0
22,6,1
22,7,0
22,8,0
22,9,1
22,10,0
22,11,1
22,12,0
22,13,1
22,14,1
22,15,0
22,16,1
22,17,0
22,18,1
22,19,0
22,20,1
22,21,0
23,1,0
23,2,1
23,3,0
23,4,1
23,5,0
23,6,1
23,7,0
23,8,0
23,9,1
23,10,0
23,11,1
23,12,1
23,13,0
23,14,1
23,15,0
23,16,1
23,17,0
23,18,1
23,19,0
23,20,1
23,21,0
24,1,0
24,2,1
24,3,0
24,4,1
24,5,0
24,6,1
24,7,0
24,8,0
24,9,1
24,10,1
24,11,0
24,12,1
24,13,0
24,14,1
24,15,0
24,16,1
24,17,0
24,18,1
24,19,0
24,20,1
24,21,0
25,1,0
25,2,1
25,3,0
25,4,1
25,5,0
25,6,1
25,7,0
25,8,1
25,9,0
25,10,0
25,11,1
25,12,0
25,13,1
25,14,0
25,15,1
25,16,0
25,17,1
25,18,0
25,19,1
25,20,0
25,21,1
26,1,0
26,2,1
26,3,0
26,4,1
26,5,0
26,6,1
26,7,0
26,8,1
26,9,0
26,10,0
26,11,1
26,12,0
26,13,1
26,14,0
26,15,1
26,16,0
26,17,1
26,18,0
26,19,1
26,20,1
26,21,0
27,1,0
27,2,1
27,3,0
27,4,1
27,5,0
27,6,1
27,7,0
27,8,1
27,9,0
27,10,0
27,11,1
27,12,0
27,13,1
27,14,0
27,15,1
27,16,0
27,17,1
27,18,1
27,19,0
27,20,1
27,21,0
28,1,0
28,2,1
28,3,0
28,4,1
28,5,0
28,6,1
28,7,0
28,8,1
28,9,0
28,10,0
28,11,1
28,12,0
28,13,1
28,14,0
28,15,1
28,16,1
28,17,0
28,18,1
28,19,0
28,20,1
28,21,0
29,1,0
29,2,1
29,3,0
29,4,1
29,5,0
29,6,1
29,7,0
29,8,1
29,9,0
29,10,0
29,11,1
29,12,0
29,13,1
29,14,1
29,15,0
29,16,1
29,17,0
29,18,1
29,19,0
29,20,1
29,21,0
30,1,0
30,2,1
30,3,0
30,4,1
30,5,0
30,6,1
30,7,0
30,8,1
30,9,0
30,10,0
30,11,1
30,12,1
30,13,0
30,14,1
30,15,0
30,16,1
30,17,0
30,18,1
30,19,0
30,20,1
30,21,0
31,1,0
31,2,1
31,3,0
31,4,1
31,5,0
31,6,1
31,7,0
31,8,1
31,9,0
31,10,1
31,11,0
31,12,0
31,13,1
31,14,0
31,15,1
31,16,0
31,17,1
31,18,0
31,19,1
31,20,0
31,21,1
32,1,0
32,2,1
32,3,0
32,4,1
32,5,0
32,6,1
32,7,0
32,8,1
32,9,0
32,10,1
32,11,0
32,12,0
32,13,1
32,14,0
32,15,1
32,16,0
32,17,1
32,18,0
32,19,1
32,20,1
32,21,0
33,1,0
33,2,1
33,3,0
33,4,1
33,5,0
33,6,1
33,7,0
33,8,1
33,9,0
33,10,1
33,11,0
33,12,0
33,13,1
33,14,0
33,15,1
33,16,0
33,17,1
33,18,1
33,19,0
33,20,1
33,21,0
34,1,0
34,2,1
34,3,0
34,4,1
34,5,0
34,6,1
34,7,0
34,8,1
34,9,0
34,10,1
34,11,0
34,12,0
34,13,1
34,14,0
34,15,1
34,16,1
34,17,0
34,18,1
34,19,0
34,20,1
34,21,0
35,1,0
35,2,1
35,3,0
35,4,1
35,5,0
35,6,1
35,7,0
35,8,1
35,9,0
35,10,1
35,11,0
35,12,0
35,13,1
35,14,1
35,15,0
35,16,1
35,17,0
35,18,1
35,19,0
35,20,1
35,21,0
36,1,0
36,2,1
36,3,0
36,4,1
36,5,0
36,6,1
36,7,0
36,8,1
36,9,0
36,10,1
36,11,0
36,12,1
36,13,0
36,14,0
36,15,1
36,16,0
36,17,1
36,18,0
36,19,1
36,20,0
36,21,1
37,1,0
37,2,1
37,3,0
37,4,1
37,5,0
37,6,1
37,7,0
37,8,1
37,9,0
37,10,1
37,11,0
37,12,1
37,13,0
37,14,0
37,15,1
37,16,0
37,17,1
37,18,0
37,19,1
37,20,1
37,21,0
38,1,0
38,2,1
38,3,0
38,4,1
38,5,0
38,6,1
38,7,0
38,8,1
38,9,0
38,10,1
38,11,0
38,12,1
38,13,0
38,14,0
38,15,1
38,16,0
38,17,1
38,18,1
38,19,0
38,20,1
38,21,0
39,1,0
39,2,1
39,3,0
39,4,1
39,5,0
39,6,1
39,7,0
39,8,1
39,9,0
39,10,1
39,11,0
39,12,1
39,13,0
39,14,0
39,15,1
39,16,1
39,17,0
39,18,1
39,19,0
39,20,1
39,21,0
40,1,0
40,2,1
40,3,0
40,4,1
40,5,0
40,6,1
40,7,0
40,8,1
40,9,0
40,10,1
40,11,0
40,12,1
40,13,0
40,14,1
40,15,0
40,16,0
40,17,1
40,18,0
40,19,1
40,20,0
40,21,1
41,1,0
41,2,1
41,3,0
41,4,1
41,5,0
41,6,1
41,7,0
41,8,1
41,9,0
41,10,1
41,11,0
41,12,1
41,13,0
41,14,1
41,15,0
41,16,0
41,17,1
41,18,0
41,19,1
41,20,1
41,21,0
42,1,0
42,2,1
42,3,0
42,4,1
42,5,0
42,6,1
42,7,0
42,8,1
42,9,0
42,10,1
42,11,0
42,12,1
42,13,0
42,14,1
42,15,0
42,16,0
42,17,1
42,18,1
42,19,0
42,20,1
42,21,0
43,1,0
43,2,1
43,3,0
43,4,1
43,5,0
43,6,1
43,7,0
43,8,1
43,9,0
43,10,1
43,11,0
43,12,1
43,13,0
43,14,1
43,15,0
43,16,1
43,17,0
43,18,0
43,19,1
43,20,0
43,21,1
44,1,0
44,2,1
44,3,0
44,4,1
44,5,0
44,6,1
44,7,0
44,8,1
44,9,0
44,10,1
44,11,0
44,12,1
44,13,0
44,14,1
44,15,0
44,16,1
44,17,0
44,18,0
44,19,1
44,20,1
44,21,0
45,1,0
45,2,1
45,3,0
45,4,1
45,5,0
45,6,1
45,7,0
45,8,1
45,9,0
45,10,1
45,11,0
45,12,1
45,13,0
45,14,1
45,15,0
45,16,1
45,17,0
45,18,1
45,19,0
45,20,0
45,21,1
46,1,0
46,2,1
46,3,0
46,4,1
46,5,0
46,6,1
46,7,0
46,8,1
46,9,0
46,10,1
46,11,0
46,12,1
46,13,0
46,14,1
46,15,0
46,16,1
46,17,0
46,18,1
46,19,0
46,20,1
46,21,0
47,1,0
47,2,1
47,3,0
47,4,1
47,5,0
47,6,1
47,7,0
47,8,1
47,9,0
47,10,1
47,11,0
47,12,1
47,13,0
47,14,1
47,15,0
47,16,1
47,17,0
47,18,1
47,19,1
47,20,0
47,21,1
48,1,0
48,2,1
48,3,0
48,4,1
48,5,0
48,6,1
48,7,0
48,8,1
48,9,0
48,10,1
48,11,0
48,12,1
48,13,0
48,14,1
48,15,0
48,16,1
48,17,1
48,18,0
48,19,0
48,20,1
48,21,0
49,1,0
49,2,1
49,3,0
49,4,1
49,5,0
49,6,1
49,7,0
49,8,1
49,9,0
49,10,1
49,11,0
49,12,1
49,13,0
49,14,1
49,15,0
49,16,1
49,17,1
49,18,0
49,19,1
49,20,0
49,21,1
50,1,0
50,2,1
50,3,0
50,4,1
50,5,0
50,6,1
50,7,0
50,8,1
50,9,0
50,10,1
50,11,0
50,12,1
50,13,0
50,14,1
50,15,1
50,16,0
50,17,0
50,18,1
50,19,0
50,20,1
50,21,0
51,1,0
51,2,1
51,3,0
51,4,1
51,5,0
51,6,1
51,7,0
51,8,1
51,9,0
51,10,1
51,11,0
51,12,1
51,13,0
51,14,1
51,15,1
51,16,0
51,17,1
51,18,0
51,19,0
51,20,1
51,21,0
52,1,0
52,2,1
52,3,0
52,4,1
52,5,0
52,6,1
52,7,0
52,8,1
52,9,0
52,10,1
52,11,0
52,12,1
52,13,0
52,14,1
52,15,1
52,16,0
52,17,1
52,18,0
52,19,1
52,20,0
52,21,1
53,1,0
53,2,1
53,3,0
53,4,1
53,5,0
53,6,1
53,7,0
53,8,1
53,9,0
53,10,1
53,11,0
53,12,1
53,13,1
53,14,0
53,15,0
53,16,1
53,17,0
53,18,1
53,19,0
53,20,1
53,21,0
54,1,0
54,2,1
54,3,0
54,4,1
54,5,0
54,6,1
54,7,0
54,8,1
54,9,0
54,10,1
54,11,0
54,12,1
54,13,1
54,14,0
54,15,1
54,16,0
54,17,0
54,18,1
54,19,0
54,20,1
54,21,0
55,1,0
55,2,1
55,3,0
55,4,1
55,5,0
55,6,1
55,7,0
55,8,1
55,9,0
55,10,1
55,11,0
55,12,1
55,13,1
55,14,0
55,15,1
55,16,0
55,17,1
55,18,0
55,19,0
55,20,1
55,21,0
56,1,0
56,2,1
56,3,0
56,4,1
56,5,0
56,6,1
56,7,0
56,8,1
56,9,0
56,10,1
56,11,0
56,12,1
56,13,1
56,14,0
56,15,1
56,16,0
56,17,1
56,18,0
56,19,1
56,20,0
56,21,1
57,1,0
57,2,1
57,3,0
57,4,1
57,5,0
57,6,1
57,7,0
57,8,1
57,9,0
57,10,1
57,11,1
57,12,0
57,13,0
57,14,1
57,15,0
57,16,1
57,17,0
57,18,1
57,19,0
57,20,1
57,21,0
58,1,0
58,2,1
58,3,0
58,4,1
58,5,0
58,6,1
58,7,0
58,8,1
58,9,0
58,10,1
58,11,1
58,12,0
58,13,1
58,14,0
58,15,0
58,16,1
58,17,0
58,18,1
58,19,0
58,20,1
58,21,0
59,1,0
59,2,1
59,3,0
59,4,1
59,5,0
59,6,1
59,7,0
59,8,1
59,9,0
59,10,1
59,11,1
59,12,0
59,13,1
59,14,0
59,15,1
59,16,0
59,17,0
59,18,1
59,19,0
59,20,1
59,21,0
60,1,0
60,2,1
60,3,0
60,4,1
60,5,0
60,6,1
60,7,0
60,8,1
60,9,0
60,10,1
60,11,1
60,12,0
60,13,1
60,14,0
60,15,1
60,16,0
60,17,1
60,18,0
60,19,0
60,20,1
60,21,0
61,1,0
61,2,1
61,3,0
61,4,1
61,5,0
61,6,1
61,7,0
61,8,1
61,9,0
61,10,1
61,11,1
61,12,0
61,13,1
61,14,0
61,15,1
61,16,0
61,17,1
61,18,0
61,19,1
61,20,0
61,21,1
62,1,0
62,2,1
62,3,0
62,4,1
62,5,0
62,6,1
62,7,0
62,8,1
62,9,1
62,10,0
62,11,0
62,12,1
62,13,0
62,14,1
62,15,0
62,16,1
62,17,0
62,18,1
62,19,0
62,20,1
62,21,0
63,1,0
63,2,1
63,3,0
63,4,1
63,5,0
63,6,1
63,7,0
63,8,1
63,9,1
63,10,0
63,11,1
63,12,0
63,13,0
63,14,1
63,15,0
63,16,1
63,17,0
63,18,1
63,19,0
63,20,1
63,21,0
64,1,0
64,2,1
64,3,0
64,4,1
64,5,0
64,6,1
64,7,0
64,8,1
64,9,1
64,10,0
64,11,1
64,12,0
64,13,1
64,14,0
64,15,0
64,16,1
64,17,0
64,18,1
64,19,0
64,20,1
64,21,0
65,1,0
65,2,1
65,3,0
65,4,1
65,5,0
65,6,1
65,7,0
65,8,1
65,9,1
65,10,0
65,11,1
65,12,0
65,13,1
65,14,0
65,15,1
65,16,0
65,17,0
65,18,1
65,19,0
65,20,1
65,21,0
66,1,0
66,2,1
66,3,0
66,4,1
66,5,0
66,6,1
66,7,0
66,8,1
66,9,1
66,10,0
66,11,1
66,12,0
66,13,1
66,14,0
66,15,1
66,16,0
66,17,1
66,18,0
66,19,0
66,20,1
66,21,0
67,1,0
67,2,1
67,3,0
67,4,1
67,5,0
67,6,1
67,7,0
67,8,1
67,9,1
67,10,0
67,11,1
67,12,0
67,13,1
67,14,0
67,15,1
67,16,0
67,17,1
67,18,0
67,19,1
67,20,0
67,21,1
68,1,0
68,2,1
68,3,0
68,4,1
68,5,0
68,6,1
68,7,1
68,8,0
68,9,0
68,10,1
68,11,0
68,12,1
68,13,0
68,14,1
68,15,0
68,16,1
68,17,0
68,18,1
68,19,0
68,20,1
68,21,0
69,1,0
69,2,1
69,3,0
69,4,1
69,5,0
69,6,1
69,7,1
69,8,0
69,9,1
69,10,0
69,11,0
69,12,1
69,13,0
69,14,1
69,15,0
69,16,1
69,17,0
69,18,1
69,19,0
69,20,1
69,21,0
70,1,0
70,2,1
70,3,0
70,4,1
70,5,0
70,6,1
70,7,1
70,8,0
70,9,1
70,10,0
70,11,1
70,12,0
70,13,0
70,14,1
70,15,0
70,16,1
70,17,0
70,18,1
70,19,0
70,20,1
70,21,0
71,1,0
71,2,1
71,3,0
71,4,1
71,5,0
71,6,1
71,7,1
71,8,0
71,9,1
71,10,0
71,11,1
71,12,0
71,13,1
71,14,0
71,15,0
71,16,1
71,17,0
71,18,1
71,19,0
71,20,1
71,21,0
72,1,0
72,2,1
72,3,0
72,4,1
72,5,0
72,6,1
72,7,1
72,8,0
72,9,1
72,10,0
72,11,1
72,12,0
72,13,1
72,14,0
72,15,1
72,16,0
72,17,0
72,18,1
72,19,0
72,20,1
72,21,0
73,1,0
73,2,1
73,3,0
73,4,1
73,5,0
73,6,1
73,7,1
73,8,0
73,9,1
73,10,0
73,11,1
73,12,0
73,13,1
73,14,0
73,15,1
73,16,0
73,17,1
73,18,0
73,19,0
73,20,1
73,21,0
74,1,0
74,2,1
74,3,0
74,4,1
74,5,0
74,6,1
74,7,1
74,8,0
74,9,1
74,10,0
74,11,1
74,12,0
74,13,1
74,14,0
74,15,1
74,16,0
74,17,1
74,18,0
74,19,1
74,20,0
74,21,1
75,1,0
75,2,1
75,3,0
75,4,1
75,5,1
75,6,0
75,7,0
75,8,1
75,9,0
75,10,1
75,11,0
75,12,1
75,13,0
75,14,1
75,15,0
75,16,1
75,17,0
75,18,1
75,19,0
75,20,1
75,21,0
76,1,0
76,2,1
76,3,0
76,4,1
76,5,1
76,6,0
76,7,1
76,8,0
76,9,0
76,10,1
76,11,0
76,12,1
76,13,0
76,14,1
76,15,0
76,16,1
76,17,0
76,18,1
76,19,0
76,20,1
76,21,0
77,1,0
77,2,1
77,3,0
77,4,1
77,5,1
77,6,0
77,7,1
77,8,0
77,9,1
77,10,0
77,11,0
77,12,1
77,13,0
77,14,1
77,15,0
77,16,1
77,17,0
77,18,1
77,19,0
77,20,1
77,21,0
78,1,0
78,2,1
78,3,0
78,4,1
78,5,1
78,6,0
78,7,1
78,8,0
78,9,1
78,10,0
78,11,1
78,12,0
78,13,0
78,14,1
78,15,0
78,16,1
78,17,0
78,18,1
78,19,0
78,20,1
78,21,0
79,1,0
79,2,1
79,3,0
79,4,1
79,5,1
79,6,0
79,7,1
79,8,0
79,9,1
79,10,0
79,11,1
79,12,0
79,13,1
79,14,0
79,15,0
79,16,1
79,17,0
79,18,1
79,19,0
79,20,1
79,21,0
80,1,0
80,2,1
80,3,0
80,4,1
80,5,1
80,6,0
80,7,1
80,8,0
80,9,1
80,10,0
80,11,1
80,12,0
80,13,1
80,14,0
80,15,1
80,16,0
80,17,0
80,18,1
80,19,0
80,20,1
80,21,0
81,1,0
81,2,1
81,3,0
81,4,1
81,5,1
81,6,0
81,7,1
81,8,0
81,9,1
81,10,0
81,11,1
81,12,0
81,13,1
81,14,0
81,15,1
81,16,0
81,17,1
81,18,0
81,19,0
81,20,1
81,21,0
82,1,0
82,2,1
82,3,0
82,4,1
82,5,1
82,6,0
82,7,1
82,8,0
82,9,1
82,10,0
82,11,1
82,12,0
82,13,1
82,14,0
82,15,1
82,16,0
82,17,1
82,18,0
82,19,1
82,20,0
82,21,1
83,1,0
83,2,1
83,3,1
83,4,0
83,5,0
83,6,1
83,7,0
83,8,1
83,9,0
83,10,1
83,11,0
83,12,1
83,13,0
83,14,1
83,15,0
83,16,1
83,17,0
83,18,1
83,19,0
83,20,1
83,21,0
84,1,0
84,2,1
84,3,1
84,4,0
84,5,1
84,6,0
84,7,0
84,8,1
84,9,0
84,10,1
84,11,0
84,12,1
84,13,0
84,14,1
84,15,0
84,16,1
84,17,0
84,18,1
84,19,0
84,20,1
84,21,0
85,1,0
85,2,1
85,3,1
85,4,0
85,5,1
85,6,0
85,7,1
85,8,0
85,9,0
85,10,1
85,11,0
85,12,1
85,13,0
85,14,1
85,15,0
85,16,1
85,17,0
85,18,1
85,19,0
85,20,1
85,21,0
86,1,0
86,2,1
86,3,1
86,4,0
86,5,1
86,6,0
86,7,1
86,8,0
86,9,1
86,10,0
86,11,0
86,12,1
86,13,0
86,14,1
86,15,0
86,16,1
86,17,0
86,18,1
86,19,0
86,20,1
86,21,0
87,1,0
87,2,1
87,3,1
87,4,0
87,5,1
87,6,0
87,7,1
87,8,0
87,9,1
87,10,0
87,11,1
87,12,0
87,13,0
87,14,1
87,15,0
87,16,1
87,17,0
87,18,1
87,19,0
87,20,1
87,21,0
88,1,0
88,2,1
88,3,1
88,4,0
88,5,1
88,6,0
88,7,1
88,8,0
88,9,1
88,10,0
88,11,1
88,12,0
88,13,1
88,14,0
88,15,0
88,16,1
88,17,0
88,18,1
88,19,0
88,20,1
88,21,0
89,1,0
89,2,1
89,3,1
89,4,0
89,5,1
89,6,0
89,7,1
89,8,0
89,9,1
89,10,0
89,11,1
89,12,0
89,13,1
89,14,0
89,15,1
89,16,0
89,17,0
89,18,1
89,19,0
89,20,1
89,21,0
90,1,0
90,2,1
90,3,1
90,4,0
90,5,1
90,6,0
90,7,1
90,8,0
90,9,1
90,10,0
90,11,1
90,12,0
90,13,1
90,14,0
90,15,1
90,16,0
90,17,1
90,18,0
90,19,0
90,20,1
90,21,0
91,1,0
91,2,1
91,3,1
91,4,0
91,5,1
91,6,0
91,7,1
91,8,0
91,9,1
91,10,0
91,11,1
91,12,0
91,13,1
91,14,0
91,15,1
91,16,0
91,17,1
91,18,0
91,19,1
91,20,0
91,21,1
92,1,1
92,2,0
92,3,0
92,4,1
92,5,0
92,6,1
92,7,0
92,8,1
92,9,0
92,10,1
92,11,0
92,12,1
92,13,0
92,14,1
92,15,0
92,16,1
92,17,0
92,18,1
92,19,0
92,20,1
92,21,0
93,1,1
93,2,0
93,3,0
93,4,1
93,5,0
93,6,1
93,7,0
93,8,1
93,9,0
93,10,1
93,11,0
93,12,1
93,13,0
93,14,1
93,15,0
93,16,1
93,17,0
93,18,1
93,19,1
93,20,0
93,21,1
94,1,1
94,2,0
94,3,0
94,4,1
94,5,0
94,6,1
94,7,0
94,8,1
94,9,0
94,10,1
94,11,0
94,12,1
94,13,0
94,14,1
94,15,0
94,16,1
94,17,1
94,18,0
94,19,1
94,20,0
94,21,1
95,1,1
95,2,0
95,3,0
95,4,1
95,5,0
95,6,1
95,7,0
95,8,1
95,9,0
95,10,1
95,11,0
95,12,1
95,13,0
95,14,1
95,15,1
95,16,0
95,17,1
95,18,0
95,19,1
95,20,0
95,21,1
96,1,1
96,2,0
96,3,0
96,4,1
96,5,0
96,6,1
96,7,0
96,8,1
96,9,0
96,10,1
96,11,0
96,12,1
96,13,1
96,14,0
96,15,1
96,16,0
96,17,1
96,18,0
96,19,1
96,20,0
96,21,1
97,1,1
97,2,0
97,3,0
97,4,1
97,5,0
97,6,1
97,7,0
97,8,1
97,9,0
97,10,1
97,11,1
97,12,0
97,13,1
97,14,0
97,15,1
97,16,0
97,17,1
97,18,0
97,19,1
97,20,0
97,21,1
98,1,1
98,2,0
98,3,0
98,4,1
98,5,0
98,6,1
98,7,0
98,8,1
98,9,1
98,10,0
98,11,1
98,12,0
98,13,1
98,14,0
98,15,1
98,16,0
98,17,1
98,18,0
98,19,1
98,20,0
98,21,1
99,1,1
99,2,0
99,3,0
99,4,1
99,5,0
99,6,1
99,7,1
99,8,0
99,9,1
99,10,0
99,11,1
99,12,0
99,13,1
99,14,0
99,15,1
99,16,0
99,17,1
99,18,0
99,19,1
99,20,0
99,21,1
100,1,1
100,2,0
100,3,0
100,4,1
100,5,1
100,6,0
100,7,1
100,8,0
100,9,1
100,10,0
100,11,1
100,12,0
100,13,1
100,14,0
100,15,1
100,16,0
100,17,1
100,18,0
100,19,1
100,20,0
100,21,1
101,1,1
101,2,0
101,3,1
101,4,0
101,5,0
101,6,1
101,7,0
101,8,1
101,9,0
101,10,1
101,11,0
101,12,1
101,13,0
101,14,1
101,15,0
101,16,1
101,17,0
101,18,1
101,19,0
101,20,1
101,21,0
102,1,1
102,2,0
102,3,1
102,4,0
102,5,0
102,6,1
102,7,0
102,8,1
102,9,0
102,10,1
102,11,0
102,12,1
102,13,0
102,14,1
102,15,0
102,16,1
102,17,0
102,18,1
102,19,1
102,20,0
102,21,1
103,1,1
103,2,0
103,3,1
103,4,0
103,5,0
103,6,1
103,7,0
103,8,1
103,9,0
103,10,1
103,11,0
103,12,1
103,13,0
103,14,1
103,15,0
103,16,1
103,17,1
103,18,0
103,19,1
103,20,0
103,21,1
104,1,1
104,2,0
104,3,1
104,4,0
104,5,0
104,6,1
104,7,0
104,8,1
104,9,0
104,10,1
104,11,0
104,12,1
104,13,0
104,14,1
104,15,1
104,16,0
104,17,1
104,18,0
104,19,1
104,20,0
104,21,1
105,1,1
105,2,0
105,3,1
105,4,0
105,5,0
105,6,1
105,7,0
105,8,1
105,9,0
105,10,1
105,11,0
105,12,1
105,13,1
105,14,0
105,15,1
105,16,0
105,17,1
105,18,0
105,19,1
105,20,0
105,21,1
106,1,1
106,2,0
106,3,1
106,4,0
106,5,0
106,6,1
106,7,0
106,8,1
106,9,0
106,10,1
106,11,1
106,12,0
106,13,1
106,14,0
106,15,1
106,16,0
106,17,1
106,18,0
106,19,1
106,20,0
106,21,1
107,1,1
107,2,0
107,3,1
107,4,0
107,5,0
107,6,1
107,7,0
107,8,1
107,9,1
107,10,0
107,11,1
107,12,0
107,13,1
107,14,0
107,15,1
107,16,0
107,17,1
107,18,0
107,19,1
107,20,0
107,21,1
108,1,1
108,2,0
108,3,1
108,4,0
108,5,0
108,6,1
108,7,1
108,8,0
108,9,1
108,10,0
108,11,1
108,12,0
108,13,1
108,14,0
108,15,1
108,16,0
108,17,1
108,18,0
108,19,1
108,20,0
108,21,1
109,1,1
109,2,0
109,3,1
109,4,0
109,5,1
109,6,0
109,7,0
109,8,1
109,9,0
109,10,1
109,11,0
109,12,1
109,13,0
109,14,1
109,15,0
109,16,1
109,17,0
109,18,1
109,19,0
109,20,1
109,21,0
110,1,1
110,2,0
110,3,1
110,4,0
110,5,1
110,6,0
110,7,0
110,8,1
110,9,0
110,10,1
110,11,0
110,12,1
110,13,0
110,14,1
110,15,0
110,16,1
110,17,0
110,18,1
110,19,1
110,20,0
110,21,1
111,1,1
111,2,0
111,3,1
111,4,0
111,5,1
111,6,0
111,7,0
111,8,1
111,9,0
111,10,1
111,11,0
111,12,1
111,13,0
111,14,1
111,15,0
111,16,1
111,17,1
111,18,0
111,19,1
111,20,0
111,21,1
112,1,1
112,2,0
112,3,1
112,4,0
112,5,1
112,6,0
112,7,0
112,8,1
112,9,0
112,10,1
112,11,0
112,12,1
112,13,0
112,14,1
112,15,1
112,16,0
112,17,1
112,18,0
112,19,1
112,20,0
112,21,1
113,1,1
113,2,0
113,3,1
113,4,0
113,5,1
113,6,0
113,7,0
113,8,1
113,9,0
113,10,1
113,11,0
113,12,1
113,13,1
113,14,0
113,15,1
113,16,0
113,17,1
113,18,0
113,19,1
113,20,0
113,21,1
114,1,1
114,2,0
114,3,1
114,4,0
114,5,1
114,6,0
114,7,0
114,8,1
114,9,0
114,10,1
114,11,1
114,12,0
114,13,1
114,14,0
114,15,1
114,16,0
114,17,1
114,18,0
114,19,1
114,20,0
114,21,1
115,1,1
115,2,0
115,3,1
115,4,0
115,5,1
115,6,0
115,7,0
115,8,1
115,9,1
115,10,0
115,11,1
115,12,0
115,13,1
115,14,0
115,15,1
115,16,0
115,17,1
115,18,0
115,19,1
115,20,0
115,21,1
116,1,1
116,2,0
116,3,1
116,4,0
116,5,1
116,6,0
116,7,1
116,8,0
116,9,0
116,10,1
116,11,0
116,12,1
116,13,0
116,14,1
116,15,0
116,16,1
116,17,0
116,18,1
116,19,0
116,20,1
116,21,0
117,1,1
117,2,0
117,3,1
117,4,0
117,5,1
117,6,0
117,7,1
117,8,0
117,9,0
117,10,1
117,11,0
117,12,1
117,13,0
117,14,1
117,15,0
117,16,1
117,17,0
117,18,1
117,19,1
117,20,0
117,21,1
118,1,1
118,2,0
118,3,1
118,4,0
118,5,1
118,6,0
118,7,1
118,8,0
118,9,0
118,10,1
118,11,0
118,12,1
118,13,0
118,14,1
118,15,0
118,16,1
118,17,1
118,18,0
118,19,1
118,20,0
118,21,1
119,1,1
119,2,0
119,3,1
119,4,0
119,5,1
119,6,0
119,7,1
119,8,0
119,9,0
119,10,1
119,11,0
119,12,1
119,13,0
119,14,1
119,15,1
119,16,0
119,17,1
119,18,0
119,19,1
119,20,0
119,21,1
120,1,1
120,2,0
120,3,1
120,4,0
120,5,1
120,6,0
120,7,1
120,8,0
120,9,0
120,10,1
120,11,0
120,12,1
120,13,1
120,14,0
120,15,1
120,16,0
120,17,1
120,18,0
120,19,1
120,20,0
120,21,1
121,1,1
121,2,0
121,3,1
121,4,0
121,5,1
121,6,0
121,7,1
121,8,0
121,9,0
121,10,1
121,11,1
121,12,0
121,13,1
121,14,0
121,15,1
121,16,0
121,17,1
121,18,0
121,19,1
121,20,0
121,21,1
122,1,1
122,2,0
122,3,1
122,4,0
122,5,1
122,6,0
122,7,1
122,8,0
122,9,1
122,10,0
122,11,0
122,12,1
122,13,0
122,14,1
122,15,0
122,16,1
122,17,0
122,18,1
122,19,0
122,20,1
122,21,0
123,1,1
123,2,0
123,3,1
123,4,0
123,5,1
123,6,0
123,7,1
123,8,0
123,9,1
123,10,0
123,11,0
123,12,1
123,13,0
123,14,1
123,15,0
123,16,1
123,17,0
123,18,1
123,19,1
123,20,0
123,21,1
124,1,1
124,2,0
124,3,1
124,4,0
124,5,1
124,6,0
124,7,1
124,8,0
124,9,1
124,10,0
124,11,0
124,12,1
124,13,0
124,14,1
124,15,0
124,16,1
124,17,1
124,18,0
124,19,1
124,20,0
124,21,1
125,1,1
125,2,0
125,3,1
125,4,0
125,5,1
125,6,0
125,7,1
125,8,0
125,9,1
125,10,0
125,11,0
125,12,1
125,13,0
125,14,1
125,15,1
125,16,0
125,17,1
125,18,0
125,19,1
125,20,0
125,21,1
126,1,1
126,2,0
126,3,1
126,4,0
126,5,1
126,6,0
126,7,1
126,8,0
126,9,1
126,10,0
126,11,0
126,12,1
126,13,1
126,14,0
126,15,1
126,16,0
126,17,1
126,18,0
126,19,1
126,20,0
126,21,1
127,1,1
127,2,0
127,3,1
127,4,0
127,5,1
127,6,0
127,7,1
127,8,0
127,9,1
127,10,0
127,11,1
127,12,0
127,13,0
127,14,1
127,15,0
127,16,1
127,17,0
127,18,1
127,19,0
127,20,1
127,21,0
128,1,1
128,2,0
128,3,1
128,4,0
128,5,1
128,6,0
128,7,1
128,8,0
128,9,1
128,10,0
128,11,1
128,12,0
128,13,0
128,14,1
128,15,0
128,16,1
128,17,0
128,18,1
128,19,1
128,20,0
128,21,1
129,1,1
129,2,0
129,3,1
129,4,0
129,5,1
129,6,0
129,7,1
129,8,0
129,9,1
129,10,0
129,11,1
129,12,0
129,13,0
129,14,1
129,15,0
129,16,1
129,17,1
129,18,0
129,19,1
129,20,0
129,21,1
130,1,1
130,2,0
130,3,1
130,4,0
130,5,1
130,6,0
130,7,1
130,8,0
130,9,1
130,10,0
130,11,1
130,12,0
130,13,0
130,14,1
130,15,1
130,16,0
130,17,1
130,18,0
130,19,1
130,20,0
130,21,1
131,1,1
131,2,0
131,3,1
131,4,0
131,5,1
131,6,0
131,7,1
131,8,0
131,9,1
131,10,0
131,11,1
131,12,0
131,13,1
131,14,0
131,15,0
131,16,1
131,17,0
131,18,1
131,19,0
131,20,1
131,21,0
132,1,1
132,2,0
132,3,1
132,4,0
132,5,1
132,6,0
132,7,1
132,8,0
132,9,1
132,10,0
132,11,1
132,12,0
132,13,1
132,14,0
132,15,0
132,16,1
132,17,0
132,18,1
132,19,1
132,20,0
132,21,1
133,1,1
133,2,0
133,3,1
133,4,0
133,5,1
133,6,0
133,7,1
133,8,0
133,9,1
133,10,0
133,11,1
133,12,0
133,13,1
133,14,0
133,15,0
133,16,1
133,17,1
133,18,0
133,19,1
133,20,0
133,21,1
134,1,1
134,2,0
134,3,1
134,4,0
134,5,1
134,6,0
134,7,1
134,8,0
134,9,1
134,10,0
134,11,1
134,12,0
134,13,1
134,14,0
134,15,1
134,16,0
134,17,0
134,18,1
134,19,0
134,20,1
134,21,0
135,1,1
135,2,0
135,3,1
135,4,0
135,5,1
135,6,0
135,7,1
135,8,0
135,9,1
135,10,0
135,11,1
135,12,0
135,13,1
135,14,0
135,15,1
135,16,0
135,17,0
135,18,1
135,19,1
135,20,0
135,21,1
136,1,1
136,2,0
136,3,1
136,4,0
136,5,1
136,6,0
136,7,1
136,8,0
136,9,1
136,10,0
136,11,1
136,12,0
136,13,1
136,14,0
136,15,1
136,16,0
136,17,1
136,18,0
136,19,0
136,20,1
136,21,0
137,1,1
137,2,0
137,3,1
137,4,0
137,5,1
137,6,0
137,7,1
137,8,0
137,9,1
137,10,0
137,11,1
137,12,0
137,13,1
137,14,0
137,15,1
137,16,0
137,17,1
137,18,0
137,19,1
137,20,0
137,21,1
138,1,1
138,2,0
138,3,1
138,4,0
138,5,1
138,6,0
138,7,1
138,8,0
138,9,1
138,10,0
138,11,1
138,12,0
138,13,1
138,14,0
138,15,1
138,16,0
138,17,1
138,18,0
138,19,1
138,20,1
138,21,0
139,1,1
139,2,0
139,3,1
139,4,0
139,5,1
139,6,0
139,7,1
139,8,0
139,9,1
139,10,0
139,11,1
139,12,0
139,13,1
139,14,0
139,15,1
139,16,0
139,17,1
139,18,1
139,19,0
139,20,0
139,21,1
140,1,1
140,2,0
140,3,1
140,4,0
140,5,1
140,6,0
140,7,1
140,8,0
140,9,1
140,10,0
140,11,1
140,12,0
140,13,1
140,14,0
140,15,1
140,16,0
140,17,1
140,18,1
140,19,0
140,20,1
140,21,0
141,1,1
141,2,0
141,3,1
141,4,0
141,5,1
141,6,0
141,7,1
141,8,0
141,9,1
141,10,0
141,11,1
141,12,0
141,13,1
141,14,0
141,15,1
141,16,1
141,17,0
141,18,0
141,19,1
141,20,0
141,21,1
142,1,1
142,2,0
142,3,1
142,4,0
142,5,1
142,6,0
142,7,1
142,8,0
142,9,1
142,10,0
142,11,1
142,12,0
142,13,1
142,14,0
142,15,1
142,16,1
142,17,0
142,18,1
142,19,0
142,20,0
142,21,1
143,1,1
143,2,0
143,3,1
143,4,0
143,5,1
143,6,0
143,7,1
143,8,0
143,9,1
143,10,0
143,11,1
143,12,0
143,13,1
143,14,0
143,15,1
143,16,1
143,17,0
143,18,1
143,19,0
143,20,1
143,21,0
144,1,1
144,2,0
144,3,1
144,4,0
144,5,1
144,6,0
144,7,1
144,8,0
144,9,1
144,10,0
144,11,1
144,12,0
144,13,1
144,14,1
144,15,0
144,16,0
144,17,1
144,18,0
144,19,1
144,20,0
144,21,1
145,1,1
145,2,0
145,3,1
145,4,0
145,5,1
145,6,0
145,7,1
145,8,0
145,9,1
145,10,0
145,11,1
145,12,0
145,13,1
145,14,1
145,15,0
145,16,1
145,17,0
145,18,0
145,19,1
145,20,0
145,21,1
146,1,1
146,2,0
146,3,1
146,4,0
146,5,1
146,6,0
146,7,1
146,8,0
146,9,1
146,10,0
146,11,1
146,12,0
146,13,1
146,14,1
146,15,0
146,16,1
146,17,0
146,18,1
146,19,0
146,20,0
146,21,1
147,1,1
147,2,0
147,3,1
147,4,0
147,5,1
147,6,0
147,7,1
147,8,0
147,9,1
147,10,0
147,11,1
147,12,0
147,13,1
147,14,1
147,15,0
147,16,1
147,17,0
147,18,1
147,19,0
147,20,1
147,21,0
148,1,1
148,2,0
148,3,1
148,4,0
148,5,1
148,6,0
148,7,1
148,8,0
148,9,1
148,10,0
148,11,1
148,12,1
148,13,0
148,14,0
148,15,1
148,16,0
148,17,1
148,18,0
148,19,1
148,20,0
148,21,1
149,1,1
149,2,0
149,3,1
149,4,0
149,5,1
149,6,0
149,7,1
149,8,0
149,9,1
149,10,0
149,11,1
149,12,1
149,13,0
149,14,1
149,15,0
149,16,0
149,17,1
149,18,0
149,19,1
149,20,0
149,21,1
150,1,1
150,2,0
150,3,1
150,4,0
150,5,1
150,6,0
150,7,1
150,8,0
150,9,1
150,10,0
150,11,1
150,12,1
150,13,0
150,14,1
150,15,0
150,16,1
150,17,0
150,18,0
150,19,1
150,20,0
150,21,1
151,1,1
151,2,0
151,3,1
151,4,0
151,5,1
151,6,0
151,7,1
151,8,0
151,9,1
151,10,0
151,11,1
151,12,1
151,13,0
151,14,1
151,15,0
151,16,1
151,17,0
151,18,1
151,19,0
151,20,0
151,21,1
152,1,1
152,2,0
152,3,1
152,4,0
152,5,1
152,6,0
152,7,1
152,8,0
152,9,1
152,10,0
152,11,1
152,12,1
152,13,0
152,14,1
152,15,0
152,16,1
152,17,0
152,18,1
152,19,0
152,20,1
152,21,0
153,1,1
153,2,0
153,3,1
153,4,0
153,5,1
153,6,0
153,7,1
153,8,0
153,9,1
153,10,1
153,11,0
153,12,0
153,13,1
153,14,0
153,15,1
153,16,0
153,17,1
153,18,0
153,19,1
153,20,0
153,21,1
154,1,1
154,2,0
154,3,1
154,4,0
154,5,1
154,6,0
154,7,1
154,8,0
154,9,1
154,10,1
154,11,0
154,12,1
154,13,0
154,14,0
154,15,1
154,16,0
154,17,1
154,18,0
154,19,1
154,20,0
154,21,1
155,1,1
155,2,0
155,3,1
155,4,0
155,5,1
155,6,0
155,7,1
155,8,0
155,9,1
155,10,1
155,11,0
155,12,1
155,13,0
155,14,1
155,15,0
155,16,0
155,17,1
155,18,0
155,19,1
155,20,0
155,21,1
156,1,1
156,2,0
156,3,1
156,4,0
156,5,1
156,6,0
156,7,1
156,8,0
156,9,1
156,10,1
156,11,0
156,12,1
156,13,0
156,14,1
156,15,0
156,16,1
156,17,0
156,18,0
156,19,1
156,20,0
156,21,1
157,1,1
157,2,0
157,3,1
157,4,0
157,5,1
157,6,0
157,7,1
157,8,0
157,9,1
157,10,1
157,11,0
157,12,1
157,13,0
157,14,1
157,15,0
157,16,1
157,17,0
157,18,1
157,19,0
157,20,0
157,21,1
158,1,1
158,2,0
158,3,1
158,4,0
158,5,1
158,6,0
158,7,1
158,8,0
158,9,1
158,10,1
158,11,0
158,12,1
158,13,0
158,14,1
158,15,0
158,16,1
158,17,0
158,18,1
158,19,0
158,20,1
158,21,0
159,1,1
159,2,0
159,3,1
159,4,0
159,5,1
159,6,0
159,7,1
159,8,1
159,9,0
159,10,0
159,11,1
159,12,0
159,13,1
159,14,0
159,15,1
159,16,0
159,17,1
159,18,0
159,19,1
159,20,0
159,21,1
160,1,1
160,2,0
160,3,1
160,4,0
160,5,1
160,6,0
160,7,1
160,8,1
160,9,0
160,10,1
160,11,0
160,12,0
160,13,1
160,14,0
160,15,1
160,16,0
160,17,1
160,18,0
160,19,1
160,20,0
160,21,1
161,1,1
161,2,0
161,3,1
161,4,0
161,5,1
161,6,0
161,7,1
161,8,1
161,9,0
161,10,1
161,11,0
161,12,1
161,13,0
161,14,0
161,15,1
161,16,0
161,17,1
161,18,0
161,19,1
161,20,0
161,21,1
162,1,1
162,2,0
162,3,1
162,4,0
162,5,1
162,6,0
162,7,1
162,8,1
162,9,0
162,10,1
162,11,0
162,12,1
162,13,0
162,14,1
162,15,0
162,16,0
162,17,1
162,18,0
162,19,1
162,20,0
162,21,1
163,1,1
163,2,0
163,3,1
163,4,0
163,5,1
163,6,0
163,7,1
163,8,1
163,9,0
163,10,1
163,11,0
163,12,1
163,13,0
163,14,1
163,15,0
163,16,1
163,17,0
163,18,0
163,19,1
163,20,0
163,21,1
164,1,1
164,2,0
164,3,1
164,4,0
164,5,1
164,6,0
164,7,1
164,8,1
164,9,0
164,10,1
164,11,0
164,12,1
164,13,0
164,14,1
164,15,0
164,16,1
164,17,0
164,18,1
164,19,0
164,20,0
164,21,1
165,1,1
165,2,0
165,3,1
165,4,0
165,5,1
165,6,0
165,7,1
165,8,1
165,9,0
165,10,1
165,11,0
165,12,1
165,13,0
165,14,1
165,15,0
165,16,1
165,17,0
165,18,1
165,19,0
165,20,1
165,21,0
166,1,1
166,2,0
166,3,1
166,4,0
166,5,1
166,6,1
166,7,0
166,8,0
166,9,1
166,10,0
166,11,1
166,12,0
166,13,1
166,14,0
166,15,1
166,16,0
166,17,1
166,18,0
166,19,1
166,20,0
166,21,1
167,1,1
167,2,0
167,3,1
167,4,0
167,5,1
167,6,1
167,7,0
167,8,1
167,9,0
167,10,0
167,11,1
167,12,0
167,13,1
167,14,0
167,15,1
167,16,0
167,17,1
167,18,0
167,19,1
167,20,0
167,21,1
168,1,1
168,2,0
168,3,1
168,4,0
168,5,1
168,6,1
168,7,0
168,8,1
168,9,0
168,10,1
168,11,0
168,12,0
168,13,1
168,14,0
168,15,1
168,16,0
168,17,1
168,18,0
168,19,1
168,20,0
168,21,1
169,1,1
169,2,0
169,3,1
169,4,0
169,5,1
169,6,1
169,7,0
169,8,1
169,9,0
169,10,1
169,11,0
169,12,1
169,13,0
169,14,0
169,15,1
169,16,0
169,17,1
169,18,0
169,19,1
169,20,0
169,21,1
170,1,1
170,2,0
170,3,1
170,4,0
170,5,1
170,6,1
170,7,0
170,8,1
170,9,0
170,10,1
170,11,0
170,12,1
170,13,0
170,14,1
170,15,0
170,16,0
170,17,1
170,18,0
170,19,1
170,20,0
170,21,1
171,1,1
171,2,0
171,3,1
171,4,0
171,5,1
171,6,1
171,7,0
171,8,1
171,9,0
171,10,1
171,11,0
171,12,1
171,13,0
171,14,1
171,15,0
171,16,1
171,17,0
171,18,0
171,19,1
171,20,0
171,21,1
172,1,1
172,2,0
172,3,1
172,4,0
172,5,1
172,6,1
172,7,0
172,8,1
172,9,0
172,10,1
172,11,0
172,12,1
172,13,0
172,14,1
172,15,0
172,16,1
172,17,0
172,18,1
172,19,0
172,20,0
172,21,1
173,1,1
173,2,0
173,3,1
173,4,0
173,5,1
173,6,1
173,7,0
173,8,1
173,9,0
173,10,1
173,11,0
173,12,1
173,13,0
173,14,1
173,15,0
173,16,1
173,17,0
173,18,1
173,19,0
173,20,1
173,21,0
174,1,1
174,2,0
174,3,1
174,4,1
174,5,0
174,6,0
174,7,1
174,8,0
174,9,1
174,10,0
174,11,1
174,12,0
174,13,1
174,14,0
174,15,1
174,16,0
174,17,1
174,18,0
174,19,1
174,20,0
174,21,1
175,1,1
175,2,0
175,3,1
175,4,1
175,5,0
175,6,1
175,7,0
175,8,0
175,9,1
175,10,0
175,11,1
175,12,0
175,13,1
175,14,0
175,15,1
175,16,0
175,17,1
175,18,0
175,19,1
175,20,0
175,21,1
176,1,1
176,2,0
176,3,1
176,4,1
176,5,0
176,6,1
176,7,0
176,8,1
176,9,0
176,10,0
176,11,1
176,12,0
176,13,1
176,14,0
176,15,1
176,16,0
176,17,1
176,18,0
176,19,1
176,20,0
176,21,1
177,1,1
177,2,0
177,3,1
177,4,1
177,5,0
177,6,1
177,7,0
177,8,1
177,9,0
177,10,1
177,11,0
177,12,0
177,13,1
177,14,0
177,15,1
177,16,0
177,17,1
177,18,0
177,19,1
177,20,0
177,21,1
178,1,1
178,2,0
178,3,1
178,4,1
178,5,0
178,6,1
178,7,0
178,8,1
178,9,0
178,10,1
178,11,0
178,12,1
178,13,0
178,14,0
178,15,1
178,16,0
178,17,1
178,18,0
178,19,1
178,20,0
178,21,1
179,1,1
179,2,0
179,3,1
179,4,1
179,5,0
179,6,1
179,7,0
179,8,1
179,9,0
179,10,1
179,11,0
179,12,1
179,13,0
179,14,1
179,15,0
179,16,0
179,17,1
179,18,0
179,19,1
179,20,0
179,21,1
180,1,1
180,2,0
180,3,1
180,4,1
180,5,0
180,6,1
180,7,0
180,8,1
180,9,0
180,10,1
180,11,0
180,12,1
180,13,0
180,14,1
180,15,0
180,16,1
180,17,0
180,18,0
180,19,1
180,20,0
180,21,1
181,1,1
181,2,0
181,3,1
181,4,1
181,5,0
181,6,1
181,7,0
181,8,1
181,9,0
181,10,1
181,11,0
181,12,1
181,13,0
181,14,1
181,15,0
181,16,1
181,17,0
181,18,1
181,19,0
181,20,0
181,21,1
182,1,1
182,2,0
182,3,1
182,4,1
182,5,0
182,6,1
182,7,0
182,8,1
182,9,0
182,10,1
182,11,0
182,12,1
182,13,0
182,14,1
182,15,0
182,16,1
182,17,0
182,18,1
182,19,0
182,20,1
182,21,0
