1,1,0
1,2,1
1,3,0
1,4,0
1,5,1
1,6,0
1,7,1
1,8,0
1,9,1
1,10,0
1,11,1
1,12,0
1,13,1
1,14,0
1,15,1
1,16,0
1,17,1
1,18,0
1,19,1
1,20,0
1,21,1
1,22,0
1,23,1
1,24,0
1,25,1
1,26,0
1,27,1
2,1,0
2,2,1
2,3,0
2,4,0
2,5,1
2,6,0
2,7,1
2,8,0
2,9,1
2,10,0
2,11,1
2,12,0
2,13,1
2,14,0
2,15,1
2,16,0
2,17,1
2,18,0
2,19,1
2,20,0
2,21,1
2,22,0
2,23,1
2,24,0
2,25,1
2,26,1
2,27,0
3,1,0
3,2,1
3,3,0
3,4,0
3,5,1
3,6,0
3,7,1
3,8,0
3,9,1
3,10,0
3,11,1
3,12,0
3,13,1
3,14,0
3,15,1
3,16,0
3,17,1
3,18,0
3,19,1
3,20,0
3,21,1
3,22,0
3,23,1
3,24,1
3,25,0
3,26,1
3,27,0
4,1,0
4,2,1
4,3,0
4,4,0
4,5,1
4,6,0
4,7,1
4,8,0
4,9,1
4,10,0
4,11,1
4,12,0
4,13,1
4,14,0
4,15,1
4,16,0
4,17,1
4,18,0
4,19,1
4,20,0
4,21,1
4,22,1
4,23,0
4,24,1
4,25,0
4,26,1
4,27,0
5,1,0
5,2,1
5,3,0
5,4,0
5,5,1
5,6,0
5,7,1
5,8,0
5,9,1
5,10,0
5,11,1
5,12,0
5,13,1
5,14,0
5,15,1
5,16,0
5,17,1
5,18,0
5,19,1
5,20,1
5,21,0
5,22,1
5,23,0
5,24,1
5,25,0
5,26,1
5,27,0
6,1,0
6,2,1
6,3,0
6,4,0
6,5,1
6,6,0
6,7,1
6,8,0
6,9,1
6,10,0
6,11,1
6,12,0
6,13,1
6,14,0
6,15,1
6,16,0
6,17,1
6,18,1
6,19,0
6,20,1
6,21,0
6,22,1
6,23,0
6,24,1
6,25,0
6,26,1
6,27,0
7,1,0
7,2,1
7,3,0
7,4,0
7,5,1
7,6,0
7,7,1
7,8,0
7,9,1
7,10,0
7,11,1
7,12,0
7,13,1
7,14,0
7,15,1
7,16,1
7,17,0
7,18,1
7,19,0
7,20,1
7,21,0
7,22,1
7,23,0
7,24,1
7,25,0
7,26,1
7,27,0
8,1,0
8,2,1
8,3,0
8,4,0
8,5,1
8,6,0
8,7,1
8,8,0
8,9,1
8,10,0
8,11,1
8,12,0
8,13,1
8,14,1
8,15,0
8,16,1
8,17,0
8,18,1
8,19,0
8,20,1
8,21,0
8,22,1
8,23,0
8,24,1
8,25,0
8,26,1
8,27,0
9,1,0
9,2,1
9,3,0
9,4,0
9,5,1
9,6,0
9,7,1
9,8,0
9,9,1
9,10,0
9,11,1
9,12,1
9,13,0
9,14,1
9,15,0
9,16,1
9,17,0
9,18,1
9,19,0
9,20,1
9,21,0
9,22,1
9,23,0
9,24,1
9,25,0
9,26,1
9,27,0
10,1,0
10,2,1
10,3,0
10,4,0
10,5,1
10,6,0
10,7,1
10,8,0
10,9,1
10,10,1
10,11,0
10,12,1
10,13,0
10,14,1
10,15,0
10,16,1
10,17,0
10,18,1
10,19,0
10,20,1
10,21,0
10,22,1
10,23,0
10,24,1
10,25,0
10,26,1
10,27,0
11,1,0
11,2,1
11,3,0
11,4,0
11,5,1
11,6,0
11,7,1
11,8,1
11,9,0
11,10,1
11,11,0
11,12,1
11,13,0
11,14,1
11,15,0
11,16,1
11,17,0
11,18,1
11,19,0
11,20,1
11,21,0
11,22,1
11,23,0
11,24,1
11,25,0
11,26,1
11,27,0
12,1,0
12,2,1
12,3,0
12,4,0
12,5,1
12,6,1
12,7,0
12,8,1
12,9,0
12,10,1
12,11,0
12,12,1
12,13,0
12,14,1
12,15,0
12,16,1
12,17,0
12,18,1
12,19,0
12,20,1
12,21,0
12,22,1
12,23,0
12,24,1
12,25,0
12,26,1
12,27,0
13,1,0
13,2,1
13,3,0
13,4,1
13,5,0
13,6,0
13,7,1
13,8,0
13,9,1
13,10,0
13,11,1
13,12,0
13,13,1
13,14,0
13,15,1
13,16,0
13,17,1
13,18,0
13,19,1
13,20,0
13,21,1
13,22,0
13,23,1
13,24,0
13,25,1
13,26,0
13,27,1
14,1,0
14,2,1
14,3,0
14,4,1
14,5,0
14,6,0
14,7,1
14,8,0
14,9,1
14,10,0
14,11,1
14,12,0
14,13,1
14,14,0
14,15,1
14,16,0
14,17,1
14,18,0
14,19,1
14,20,0
14,21,1
14,22,0
14,23,1
14,24,0
14,25,1
14,26,1
14,27,0
15,1,0
15,2,1
15,3,0
15,4,1
15,5,0
15,6,0
15,7,1
15,8,0
15,9,1
15,10,0
15,11,1
15,12,0
15,13,1
15,14,0
15,15,1
15,16,0
15,17,1
15,18,0
15,19,1
15,20,0
15,21,1
15,22,0
15,23,1
15,24,1
15,25,0
15,26,1
15,27,0
16,1,0
16,2,1
16,3,0
16,4,1
16,5,0
16,6,0
16,7,1
16,8,0
16,9,1
16,10,0
16,11,1
16,12,0
16,13,1
16,14,0
16,15,1
16,16,0
16,17,1
16,18,0
16,19,1
16,20,0
16,21,1
16,22,1
16,23,0
16,24,1
16,25,0
16,26,1
16,27,0
17,1,0
17,2,1
17,3,0
17,4,1
17,5,0
17,6,0
17,7,1
17,8,0
17,9,1
17,10,0
17,11,1
17,12,0
17,13,1
17,14,0
17,15,1
17,16,0
17,17,1
17,18,0
17,19,1
17,20,1
17,21,0
17,22,1
17,23,0
17,24,1
17,25,0
17,26,1
17,27,0
18,1,0
18,2,1
18,3,0
18,4,1
18,5,0
18,6,0
18,7,1
18,8,0
18,9,1
18,10,0
18,11,1
18,12,0
18,13,1
18,14,0
18,15,1
18,16,0
18,17,1
18,18,1
18,19,0
18,20,1
18,21,0
18,22,1
18,23,0
18,24,1
18,25,0
18,26,1
18,27,0
19,1,0
19,2,1
19,3,0
19,4,1
19,5,0
19,6,0
19,7,1
19,8,0
19,9,1
19,10,0
19,11,1
19,12,0
19,13,1
19,14,0
19,15,1
19,16,1
19,17,0
19,18,1
19,19,0
19,20,1
19,21,0
19,22,1
19,23,0
19,24,1
19,25,0
19,26,1
19,27,0
20,1,0
20,2,1
20,3,0
20,4,1
20,5,0
20,6,0
20,7,1
20,8,0
20,9,1
20,10,0
20,11,1
20,12,0
20,13,1
20,14,1
20,15,0
20,16,1
20,17,0
20,18,1
20,19,0
20,20,1
20,21,0
20,22,1
20,23,0
20,24,1
20,25,0
20,26,1
20,27,0
21,1,0
21,2,1
21,3,0
21,4,1
21,5,0
21,6,0
21,7,1
21,8,0
21,9,1
21,10,0
21,11,1
21,12,1
21,13,0
21,14,1
21,15,0
21,16,1
21,17,0
21,18,1
21,19,0
21,20,1
21,21,0
21,22,1
21,23,0
21,24,1
21,25,0
21,26,1
21,27,0
22,1,0
22,2,1
22,3,0
22,4,1
22,5,0
22,6,0
22,7,1
22,8,0
22,9,1
22,10,1
22,11,0
22,12,1
22,13,0
22,14,1
22,15,0
22,16,1
22,17,0
22,18,1
22,19,0
22,20,1
22,21,0
22,22,1
22,23,0
22,24,1
22,25,0
22,26,1
22,27,0
23,1,0
23,2,1
23,3,0
23,4,1
23,5,0
23,6,0
23,7,1
23,8,1
23,9,0
23,10,1
23,11,0
23,12,1
23,13,0
23,14,1
23,15,0
23,16,1
23,17,0
23,18,1
23,19,0
23,20,1
23,21,0
23,22,1
23,23,0
23,24,1
23,25,0
23,26,1
23,27,0
24,1,0
24,2,1
24,3,0
24,4,1
24,5,0
24,6,1
24,7,0
24,8,0
24,9,1
24,10,0
24,11,1
24,12,0
24,13,1
24,14,0
24,15,1
24,16,0
24,17,1
24,18,0
24,19,1
24,20,0
24,21,1
24,22,0
24,23,1
24,24,0
24,25,1
24,26,0
24,27,1
25,1,0
25,2,1
25,3,0
25,4,1
25,5,0
25,6,1
25,7,0
25,8,0
25,9,1
25,10,0
25,11,1
25,12,0
25,13,1
25,14,0
25,15,1
25,16,0
25,17,1
25,18,0
25,19,1
25,20,0
25,21,1
25,22,0
25,23,1
25,24,0
25,25,1
25,26,1
25,27,0
26,1,0
26,2,1
26,3,0
26,4,1
26,5,0
26,6,1
26,7,0
26,8,0
26,9,1
26,10,0
26,11,1
26,12,0
26,13,1
26,14,0
26,15,1
26,16,0
26,17,1
26,18,0
26,19,1
26,20,0
26,21,1
26,22,0
26,23,1
26,24,1
26,25,0
26,26,1
26,27,0
27,1,0
27,2,1
27,3,0
27,4,1
27,5,0
27,6,1
27,7,0
27,8,0
27,9,1
27,10,0
27,11,1
27,12,0
27,13,1
27,14,0
27,15,1
27,16,0
27,17,1
27,18,0
27,19,1
27,20,0
27,21,1
27,22,1
27,23,0
27,24,1
27,25,0
27,26,1
27,27,0
28,1,0
28,2,1
28,3,0
28,4,1
28,5,0
28,6,1
28,7,0
28,8,0
28,9,1
28,10,0
28,11,1
28,12,0
28,13,1
28,14,0
28,15,1
28,16,0
28,17,1
28,18,0
28,19,1
28,20,1
28,21,0
28,22,1
28,23,0
28,24,1
28,25,0
28,26,1
28,27,0
29,1,0
29,2,1
29,3,0
29,4,1
29,5,0
29,6,1
29,7,0
29,8,0
29,9,1
29,10,0
29,11,1
29,12,0
29,13,1
29,14,0
29,15,1
29,16,0
29,17,1
29,18,1
29,19,0
29,20,1
29,21,0
29,22,1
29,23,0
29,24,1
29,25,0
29,26,1
29,27,0
30,1,0
30,2,1
30,3,0
30,4,1
30,5,0
30,6,1
30,7,0
30,8,0
30,9,1
30,10,0
30,11,1
30,12,0
30,13,1
30,14,0
30,15,1
30,16,1
30,17,0
30,18,1
30,19,0
30,20,1
30,21,0
30,22,1
30,23,0
30,24,1
30,25,0
30,26,1
30,27,0
31,1,0
31,2,1
31,3,0
31,4,1
31,5,0
31,6,1
31,7,0
31,8,0
31,9,1
31,10,0
31,11,1
31,12,0
31,13,1
31,14,1
31,15,0
31,16,1
31,17,0
31,18,1
31,19,0
31,20,1
31,21,0
31,22,1
31,23,0
31,24,1
31,25,0
31,26,1
31,27,0
32,1,0
32,2,1
32,3,0
32,4,1
32,5,0
32,6,1
32,7,0
32,8,0
32,9,1
32,10,0
32,11,1
32,12,1
32,13,0
32,14,1
32,15,0
32,16,1
32,17,0
32,18,1
32,19,0
32,20,1
32,21,0
32,22,1
32,23,0
32,24,1
32,25,0
32,26,1
32,27,0
33,1,0
33,2,1
33,3,0
33,4,1
33,5,0
33,6,1
33,7,0
33,8,0
33,9,1
33,10,1
33,11,0
33,12,1
33,13,0
33,14,1
33,15,0
33,16,1
33,17,0
33,18,1
33,19,0
33,20,1
33,21,0
33,22,1
33,23,0
33,24,1
33,25,0
33,26,1
33,27,0
34,1,0
34,2,1
34,3,0
34,4,1
34,5,0
34,6,1
34,7,0
34,8,1
34,9,0
34,10,0
34,11,1
34,12,0
34,13,1
34,14,0
34,15,1
34,16,0
34,17,1
34,18,0
34,19,1
34,20,0
34,21,1
34,22,0
34,23,1
34,24,0
34,25,1
34,26,0
34,27,1
35,1,0
35,2,1
35,3,0
35,4,1
35,5,0
35,6,1
35,7,0
35,8,1
35,9,0
35,10,0
35,11,1
35,12,0
35,13,1
35,14,0
35,15,1
35,16,0
35,17,1
35,18,0
35,19,1
35,20,0
35,21,1
35,22,0
35,23,1
35,24,0
35,25,1
35,26,1
35,27,0
36,1,0
36,2,1
36,3,0
36,4,1
36,5,0
36,6,1
36,7,0
36,8,1
36,9,0
36,10,0
36,11,1
36,12,0
36,13,1
36,14,0
36,15,1
36,16,0
36,17,1
36,18,0
36,19,1
36,20,0
36,21,1
36,22,0
36,23,1
36,24,1
36,25,0
36,26,1
36,27,0
37,1,0
37,2,1
37,3,0
37,4,1
37,5,0
37,6,1
37,7,0
37,8,1
37,9,0
37,10,0
37,11,1
37,12,0
37,13,1
37,14,0
37,15,1
37,16,0
37,17,1
37,18,0
37,19,1
37,20,0
37,21,1
37,22,1
37,23,0
37,24,1
37,25,0
37,26,1
37,27,0
38,1,0
38,2,1
38,3,0
38,4,1
38,5,0
38,6,1
38,7,0
38,8,1
38,9,0
38,10,0
38,11,1
38,12,0
38,13,1
38,14,0
38,15,1
38,16,0
38,17,1
38,18,0
38,19,1
38,20,1
38,21,0
38,22,1
38,23,0
38,24,1
38,25,0
38,26,1
38,27,0
39,1,0
39,2,1
39,3,0
39,4,1
39,5,0
39,6,1
39,7,0
39,8,1
39,9,0
39,10,0
39,11,1
39,12,0
39,13,1
39,14,0
39,15,1
39,16,0
39,17,1
39,18,1
39,19,0
39,20,1
39,21,0
39,22,1
39,23,0
39,24,1
39,25,0
39,26,1
39,27,0
40,1,0
40,2,1
40,3,0
40,4,1
40,5,0
40,6,1
40,7,0
40,8,1
40,9,0
40,10,0
40,11,1
40,12,0
40,13,1
40,14,0
40,15,1
40,16,1
40,17,0
40,18,1
40,19,0
40,20,1
40,21,0
40,22,1
40,23,0
40,24,1
40,25,0
40,26,1
40,27,0
41,1,0
41,2,1
41,3,0
41,4,1
41,5,0
41,6,1
41,7,0
41,8,1
41,9,0
41,10,0
41,11,1
41,12,0
41,13,1
41,14,1
41,15,0
41,16,1
41,17,0
41,18,1
41,19,0
41,20,1
41,21,0
41,22,1
41,23,0
41,24,1
41,25,0
41,26,1
41,27,0
42,1,0
42,2,1
42,3,0
42,4,1
42,5,0
42,6,1
42,7,0
42,8,1
42,9,0
42,10,0
42,11,1
42,12,1
42,13,0
42,14,1
42,15,0
42,16,1
42,17,0
42,18,1
42,19,0
42,20,1
42,21,0
42,22,1
42,23,0
42,24,1
42,25,0
42,26,1
42,27,0
43,1,0
43,2,1
43,3,0
43,4,1
43,5,0
43,6,1
43,7,0
43,8,1
43,9,0
43,10,1
43,11,0
43,12,0
43,13,1
43,14,0
43,15,1
43,16,0
43,17,1
43,18,0
43,19,1
43,20,0
43,21,1
43,22,0
43,23,1
43,24,0
43,25,1
43,26,0
43,27,1
44,1,0
44,2,1
44,3,0
44,4,1
44,5,0
44,6,1
44,7,0
44,8,1
44,9,0
44,10,1
44,11,0
44,12,0
44,13,1
44,14,0
44,15,1
44,16,0
44,17,1
44,18,0
44,19,1
44,20,0
44,21,1
44,22,0
44,23,1
44,24,0
44,25,1
44,26,1
44,27,0
45,1,0
45,2,1
45,3,0
45,4,1
45,5,0
45,6,1
45,7,0
45,8,1
45,9,0
45,10,1
45,11,0
45,12,0
45,13,1
45,14,0
45,15,1
45,16,0
45,17,1
45,18,0
45,19,1
45,20,0
45,21,1
45,22,0
45,23,1
45,24,1
45,25,0
45,26,1
45,27,0
46,1,0
46,2,1
46,3,0
46,4,1
46,5,0
46,6,1
46,7,0
46,8,1
46,9,0
46,10,1
46,11,0
46,12,0
46,13,1
46,14,0
46,15,1
46,16,0
46,17,1
46,18,0
46,19,1
46,20,0
46,21,1
46,22,1
46,23,0
46,24,1
46,25,0
46,26,1
46,27,0
47,1,0
47,2,1
47,3,0
47,4,1
47,5,0
47,6,1
47,7,0
47,8,1
47,9,0
47,10,1
47,11,0
47,12,0
47,13,1
47,14,0
47,15,1
47,16,0
47,17,1
47,18,0
47,19,1
47,20,1
47,21,0
47,22,1
47,23,0
47,24,1
47,25,0
47,26,1
47,27,0
48,1,0
48,2,1
48,3,0
48,4,1
48,5,0
48,6,1
48,7,0
48,8,1
48,9,0
48,10,1
48,11,0
48,12,0
48,13,1
48,14,0
48,15,1
48,16,0
48,17,1
48,18,1
48,19,0
48,20,1
48,21,0
48,22,1
48,23,0
48,24,1
48,25,0
48,26,1
48,27,0
49,1,0
49,2,1
49,3,0
49,4,1
49,5,0
49,6,1
49,7,0
49,8,1
49,9,0
49,10,1
49,11,0
49,12,0
49,13,1
49,14,0
49,15,1
49,16,1
49,17,0
49,18,1
49,19,0
49,20,1
49,21,0
49,22,1
49,23,0
49,24,1
49,25,0
49,26,1
49,27,0
50,1,0
50,2,1
50,3,0
50,4,1
50,5,0
50,6,1
50,7,0
50,8,1
50,9,0
50,10,1
50,11,0
50,12,0
50,13,1
50,14,1
50,15,0
50,16,1
50,17,0
50,18,1
50,19,0
50,20,1
50,21,0
50,22,1
50,23,0
50,24,1
50,25,0
50,26,1
50,27,0
51,1,0
51,2,1
51,3,0
51,4,1
51,5,0
51,6,1
51,7,0
51,8,1
51,9,0
51,10,1
51,11,0
51,12,1
51,13,0
51,14,0
51,15,1
51,16,0
51,17,1
51,18,0
51,19,1
51,20,0
51,21,1
51,22,0
51,23,1
51,24,0
51,25,1
51,26,0
51,27,1
52,1,0
52,2,1
52,3,0
52,4,1
52,5,0
52,6,1
52,7,0
52,8,1
52,9,0
52,10,1
52,11,0
52,12,1
52,13,0
52,14,0
52,15,1
52,16,0
52,17,1
52,18,0
52,19,1
52,20,0
52,21,1
52,22,0
52,23,1
52,24,0
52,25,1
52,26,1
52,27,0
53,1,0
53,2,1
53,3,0
53,4,1
53,5,0
53,6,1
53,7,0
53,8,1
53,9,0
53,10,1
53,11,0
53,12,1
53,13,0
53,14,0
53,15,1
53,16,0
53,17,1
53,18,0
53,19,1
53,20,0
53,21,1
53,22,0
53,23,1
53,24,1
53,25,0
53,26,1
53,27,0
54,1,0
54,2,1
54,3,0
54,4,1
54,5,0
54,6,1
54,7,0
54,8,1
54,9,0
54,10,1
54,11,0
54,12,1
54,13,0
54,14,0
54,15,1
54,16,0
54,17,1
54,18,0
54,19,1
54,20,0
54,21,1
54,22,1
54,23,0
54,24,1
54,25,0
54,26,1
54,27,0
55,1,0
55,2,1
55,3,0
55,4,1
55,5,0
55,6,1
55,7,0
55,8,1
55,9,0
55,10,1
55,11,0
55,12,1
55,13,0
55,14,0
55,15,1
55,16,0
55,17,1
55,18,0
55,19,1
55,20,1
55,21,0
55,22,1
55,23,0
55,24,1
55,25,0
55,26,1
55,27,0
56,1,0
56,2,1
56,3,0
56,4,1
56,5,0
56,6,1
56,7,0
56,8,1
56,9,0
56,10,1
56,11,0
56,12,1
56,13,0
56,14,0
56,15,1
56,16,0
56,17,1
56,18,1
56,19,0
56,20,1
56,21,0
56,22,1
56,23,0
56,24,1
56,25,0
56,26,1
56,27,0
57,1,0
57,2,1
57,3,0
57,4,1
57,5,0
57,6,1
57,7,0
57,8,1
57,9,0
57,10,1
57,11,0
57,12,1
57,13,0
57,14,0
57,15,1
57,16,1
57,17,0
57,18,1
57,19,0
57,20,1
57,21,0
57,22,1
57,23,0
57,24,1
57,25,0
57,26,1
57,27,0
58,1,0
58,2,1
58,3,0
58,4,1
58,5,0
58,6,1
58,7,0
58,8,1
58,9,0
58,10,1
58,11,0
58,12,1
58,13,0
58,14,1
58,15,0
58,16,0
58,17,1
58,18,0
58,19,1
58,20,0
58,21,1
58,22,0
58,23,1
58,24,0
58,25,1
58,26,0
58,27,1
59,1,0
59,2,1
59,3,0
59,4,1
59,5,0
59,6,1
59,7,0
59,8,1
59,9,0
59,10,1
59,11,0
59,12,1
59,13,0
59,14,1
59,15,0
59,16,0
59,17,1
59,18,0
59,19,1
59,20,0
59,21,1
59,22,0
59,23,1
59,24,0
59,25,1
59,26,1
59,27,0
60,1,0
60,2,1
60,3,0
60,4,1
60,5,0
60,6,1
60,7,0
60,8,1
60,9,0
60,10,1
60,11,0
60,12,1
60,13,0
60,14,1
60,15,0
60,16,0
60,17,1
60,18,0
60,19,1
60,20,0
60,21,1
60,22,0
60,23,1
60,24,1
60,25,0
60,26,1
60,27,0
61,1,0
61,2,1
61,3,0
61,4,1
61,5,0
61,6,1
61,7,0
61,8,1
61,9,0
61,10,1
61,11,0
61,12,1
61,13,0
61,14,1
61,15,0
61,16,0
61,17,1
61,18,0
61,19,1
61,20,0
61,21,1
61,22,1
61,23,0
61,24,1
61,25,0
61,26,1
61,27,0
62,1,0
62,2,1
62,3,0
62,4,1
62,5,0
62,6,1
62,7,0
62,8,1
62,9,0
62,10,1
62,11,0
62,12,1
62,13,0
62,14,1
62,15,0
62,16,0
62,17,1
62,18,0
62,19,1
62,20,1
62,21,0
62,22,1
62,23,0
62,24,1
62,25,0
62,26,1
62,27,0
63,1,0
63,2,1
63,3,0
63,4,1
63,5,0
63,6,1
63,7,0
63,8,1
63,9,0
63,10,1
63,11,0
63,12,1
63,13,0
63,14,1
63,15,0
63,16,0
63,17,1
63,18,1
63,19,0
63,20,1
63,21,0
63,22,1
63,23,0
63,24,1
63,25,0
63,26,1
63,27,0
64,1,0
64,2,1
64,3,0
64,4,1
64,5,0
64,6,1
64,7,0
64,8,1
64,9,0
64,10,1
64,11,0
64,12,1
64,13,0
64,14,1
64,15,0
64,16,1
64,17,0
64,18,0
64,19,1
64,20,0
64,21,1
64,22,0
64,23,1
64,24,0
64,25,1
64,26,0
64,27,1
65,1,0
65,2,1
65,3,0
65,4,1
65,5,0
65,6,1
65,7,0
65,8,1
65,9,0
65,10,1
65,11,0
65,12,1
65,13,0
65,14,1
65,15,0
65,16,1
65,17,0
65,18,0
65,19,1
65,20,0
65,21,1
65,22,0
65,23,1
65,24,0
65,25,1
65,26,1
65,27,0
66,1,0
66,2,1
66,3,0
66,4,1
66,5,0
66,6,1
66,7,0
66,8,1
66,9,0
66,10,1
66,11,0
66,12,1
66,13,0
66,14,1
66,15,0
66,16,1
66,17,0
66,18,0
66,19,1
66,20,0
66,21,1
66,22,0
66,23,1
66,24,1
66,25,0
66,26,1
66,27,0
67,1,0
67,2,1
67,3,0
67,4,1
67,5,0
67,6,1
67,7,0
67,8,1
67,9,0
67,10,1
67,11,0
67,12,1
67,13,0
67,14,1
67,15,0
67,16,1
67,17,0
67,18,0
67,19,1
67,20,0
67,21,1
67,22,1
67,23,0
67,24,1
67,25,0
67,26,1
67,27,0
68,1,0
68,2,1
68,3,0
68,4,1
68,5,0
68,6,1
68,7,0
68,8,1
68,9,0
68,10,1
68,11,0
68,12,1
68,13,0
68,14,1
68,15,0
68,16,1
68,17,0
68,18,0
68,19,1
68,20,1
68,21,0
68,22,1
68,23,0
68,24,1
68,25,0
68,26,1
68,27,0
69,1,0
69,2,1
69,3,0
69,4,1
69,5,0
69,6,1
69,7,0
69,8,1
69,9,0
69,10,1
69,11,0
69,12,1
69,13,0
69,14,1
69,15,0
69,16,1
69,17,0
69,18,1
69,19,0
69,20,0
69,21,1
69,22,0
69,23,1
69,24,0
69,25,1
69,26,0
69,27,1
70,1,0
70,2,1
70,3,0
70,4,1
70,5,0
70,6,1
70,7,0
70,8,1
70,9,0
70,10,1
70,11,0
70,12,1
70,13,0
70,14,1
70,15,0
70,16,1
70,17,0
70,18,1
70,19,0
70,20,0
70,21,1
70,22,0
70,23,1
70,24,0
70,25,1
70,26,1
70,27,0
71,1,0
71,2,1
71,3,0
71,4,1
71,5,0
71,6,1
71,7,0
71,8,1
71,9,0
71,10,1
71,11,0
71,12,1
71,13,0
71,14,1
71,15,0
71,16,1
71,17,0
71,18,1
71,19,0
71,20,0
71,21,1
71,22,0
71,23,1
71,24,1
71,25,0
71,26,1
71,27,0
72,1,0
72,2,1
72,3,0
72,4,1
72,5,0
72,6,1
72,7,0
72,8,1
72,9,0
72,10,1
72,11,0
72,12,1
72,13,0
72,14,1
72,15,0
72,16,1
72,17,0
72,18,1
72,19,0
72,20,0
72,21,1
72,22,1
72,23,0
72,24,1
72,25,0
72,26,1
72,27,0
73,1,0
73,2,1
73,3,0
73,4,1
73,5,0
73,6,1
73,7,0
73,8,1
73,9,0
73,10,1
73,11,0
73,12,1
73,13,0
73,14,1
73,15,0
73,16,1
73,17,0
73,18,1
73,19,0
73,20,1
73,21,0
73,22,0
73,23,1
73,24,0
73,25,1
73,26,0
73,27,1
74,1,0
74,2,1
74,3,0
74,4,1
74,5,0
74,6,1
74,7,0
74,8,1
74,9,0
74,10,1
74,11,0
74,12,1
74,13,0
74,14,1
74,15,0
74,16,1
74,17,0
74,18,1
74,19,0
74,20,1
74,21,0
74,22,0
74,23,1
74,24,0
74,25,1
74,26,1
74,27,0
75,1,0
75,2,1
75,3,0
75,4,1
75,5,0
75,6,1
75,7,0
75,8,1
75,9,0
75,10,1
75,11,0
75,12,1
75,13,0
75,14,1
75,15,0
75,16,1
75,17,0
75,18,1
75,19,0
75,20,1
75,21,0
75,22,0
75,23,1
75,24,1
75,25,0
75,26,1
75,27,0
76,1,0
76,2,1
76,3,0
76,4,1
76,5,0
76,6,1
76,7,0
76,8,1
76,9,0
76,10,1
76,11,0
76,12,1
76,13,0
76,14,1
76,15,0
76,16,1
76,17,0
76,18,1
76,19,0
76,20,1
76,21,0
76,22,1
76,23,0
76,24,0
76,25,1
76,26,0
76,27,1
77,1,0
77,2,1
77,3,0
77,4,1
77,5,0
77,6,1
77,7,0
77,8,1
77,9,0
77,10,1
77,11,0
77,12,1
77,13,0
77,14,1
77,15,0
77,16,1
77,17,0
77,18,1
77,19,0
77,20,1
77,21,0
77,22,1
77,23,0
77,24,0
77,25,1
77,26,1
77,27,0
78,1,0
78,2,1
78,3,0
78,4,1
78,5,0
78,6,1
78,7,0
78,8,1
78,9,0
78,10,1
78,11,0
78,12,1
78,13,0
78,14,1
78,15,0
78,16,1
78,17,0
78,18,1
78,19,0
78,20,1
78,21,0
78,22,1
78,23,0
78,24,1
78,25,0
78,26,0
78,27,1
79,1,0
79,2,1
79,3,0
79,4,1
79,5,0
79,6,1
79,7,0
79,8,1
79,9,0
79,10,1
79,11,0
79,12,1
79,13,0
79,14,1
79,15,0
79,16,1
79,17,0
79,18,1
79,19,0
79,20,1
79,21,0
79,22,1
79,23,0
79,24,1
79,25,0
79,26,1
79,27,0
80,1,0
80,2,1
80,3,0
80,4,1
80,5,0
80,6,1
80,7,0
80,8,1
80,9,0
80,10,1
80,11,0
80,12,1
80,13,0
80,14,1
80,15,0
80,16,1
80,17,0
80,18,1
80,19,0
80,20,1
80,21,0
80,22,1
80,23,0
80,24,1
80,25,1
80,26,0
80,27,1
81,1,0
81,2,1
81,3,0
81,4,1
81,5,0
81,6,1
81,7,0
81,8,1
81,9,0
81,10,1
81,11,0
81,12,1
81,13,0
81,14,1
81,15,0
81,16,1
81,17,0
81,18,1
81,19,0
81,20,1
81,21,0
81,22,1
81,23,1
81,24,0
81,25,0
81,26,1
81,27,0
82,1,0
82,2,1
82,3,0
82,4,1
82,5,0
82,6,1
82,7,0
82,8,1
82,9,0
82,10,1
82,11,0
82,12,1
82,13,0
82,14,1
82,15,0
82,16,1
82,17,0
82,18,1
82,19,0
82,20,1
82,21,0
82,22,1
82,23,1
82,24,0
82,25,1
82,26,0
82,27,1
83,1,0
83,2,1
83,3,0
83,4,1
83,5,0
83,6,1
83,7,0
83,8,1
83,9,0
83,10,1
83,11,0
83,12,1
83,13,0
83,14,1
83,15,0
83,16,1
83,17,0
83,18,1
83,19,0
83,20,1
83,21,1
83,22,0
83,23,0
83,24,1
83,25,0
83,26,1
83,27,0
84,1,0
84,2,1
84,3,0
84,4,1
84,5,0
84,6,1
84,7,0
84,8,1
84,9,0
84,10,1
84,11,0
84,12,1
84,13,0
84,14,1
84,15,0
84,16,1
84,17,0
84,18,1
84,19,0
84,20,1
84,21,1
84,22,0
84,23,1
84,24,0
84,25,0
84,26,1
84,27,0
85,1,0
85,2,1
85,3,0
85,4,1
85,5,0
85,6,1
85,7,0
85,8,1
85,9,0
85,10,1
85,11,0
85,12,1
85,13,0
85,14,1
85,15,0
85,16,1
85,17,0
85,18,1
85,19,0
85,20,1
85,21,1
85,22,0
85,23,1
85,24,0
85,25,1
85,26,0
85,27,1
86,1,0
86,2,1
86,3,0
86,4,1
86,5,0
86,6,1
86,7,0
86,8,1
86,9,0
86,10,1
86,11,0
86,12,1
86,13,0
86,14,1
86,15,0
86,16,1
86,17,0
86,18,1
86,19,1
86,20,0
86,21,0
86,22,1
86,23,0
86,24,1
86,25,0
86,26,1
86,27,0
87,1,0
87,2,1
87,3,0
87,4,1
87,5,0
87,6,1
87,7,0
87,8,1
87,9,0
87,10,1
87,11,0
87,12,1
87,13,0
87,14,1
87,15,0
87,16,1
87,17,0
87,18,1
87,19,1
87,20,0
87,21,1
87,22,0
87,23,0
87,24,1
87,25,0
87,26,1
87,27,0
88,1,0
88,2,1
88,3,0
88,4,1
88,5,0
88,6,1
88,7,0
88,8,1
88,9,0
88,10,1
88,11,0
88,12,1
88,13,0
88,14,1
88,15,0
88,16,1
88,17,0
88,18,1
88,19,1
88,20,0
88,21,1
88,22,0
88,23,1
88,24,0
88,25,0
88,26,1
88,27,0
89,1,0
89,2,1
89,3,0
89,4,1
89,5,0
89,6,1
89,7,0
89,8,1
89,9,0
89,10,1
89,11,0
89,12,1
89,13,0
89,14,1
89,15,0
89,16,1
89,17,0
89,18,1
89,19,1
89,20,0
89,21,1
89,22,0
89,23,1
89,24,0
89,25,1
89,26,0
89,27,1
90,1,0
90,2,1
90,3,0
90,4,1
90,5,0
90,6,1
90,7,0
90,8,1
90,9,0
90,10,1
90,11,0
90,12,1
90,13,0
90,14,1
90,15,0
90,16,1
90,17,1
90,18,0
90,19,0
90,20,1
90,21,0
90,22,1
90,23,0
90,24,1
90,25,0
90,26,1
90,27,0
91,1,0
91,2,1
91,3,0
91,4,1
91,5,0
91,6,1
91,7,0
91,8,1
91,9,0
91,10,1
91,11,0
91,12,1
91,13,0
91,14,1
91,15,0
91,16,1
91,17,1
91,18,0
91,19,1
91,20,0
91,21,0
91,22,1
91,23,0
91,24,1
91,25,0
91,26,1
91,27,0
92,1,0
92,2,1
92,3,0
92,4,1
92,5,0
92,6,1
92,7,0
92,8,1
92,9,0
92,10,1
92,11,0
92,12,1
92,13,0
92,14,1
92,15,0
92,16,1
92,17,1
92,18,0
92,19,1
92,20,0
92,21,1
92,22,0
92,23,0
92,24,1
92,25,0
92,26,1
92,27,0
93,1,0
93,2,1
93,3,0
93,4,1
93,5,0
93,6,1
93,7,0
93,8,1
93,9,0
93,10,1
93,11,0
93,12,1
93,13,0
93,14,1
93,15,0
93,16,1
93,17,1
93,18,0
93,19,1
93,20,0
93,21,1
93,22,0
93,23,1
93,24,0
93,25,0
93,26,1
93,27,0
94,1,0
94,2,1
94,3,0
94,4,1
94,5,0
94,6,1
94,7,0
94,8,1
94,9,0
94,10,1
94,11,0
94,12,1
94,13,0
94,14,1
94,15,0
94,16,1
94,17,1
94,18,0
94,19,1
94,20,0
94,21,1
94,22,0
94,23,1
94,24,0
94,25,1
94,26,0
94,27,1
95,1,0
95,2,1
95,3,0
95,4,1
95,5,0
95,6,1
95,7,0
95,8,1
95,9,0
95,10,1
95,11,0
95,12,1
95,13,0
95,14,1
95,15,1
95,16,0
95,17,0
95,18,1
95,19,0
95,20,1
95,21,0
95,22,1
95,23,0
95,24,1
95,25,0
95,26,1
95,27,0
96,1,0
96,2,1
96,3,0
96,4,1
96,5,0
96,6,1
96,7,0
96,8,1
96,9,0
96,10,1
96,11,0
96,12,1
96,13,0
96,14,1
96,15,1
96,16,0
96,17,1
96,18,0
96,19,0
96,20,1
96,21,0
96,22,1
96,23,0
96,24,1
96,25,0
96,26,1
96,27,0
97,1,0
97,2,1
97,3,0
97,4,1
97,5,0
97,6,1
97,7,0
97,8,1
97,9,0
97,10,1
97,11,0
97,12,1
97,13,0
97,14,1
97,15,1
97,16,0
97,17,1
97,18,0
97,19,1
97,20,0
97,21,0
97,22,1
97,23,0
97,24,1
97,25,0
97,26,1
97,27,0
98,1,0
98,2,1
98,3,0
98,4,1
98,5,0
98,6,1
98,7,0
98,8,1
98,9,0
98,10,1
98,11,0
98,12,1
98,13,0
98,14,1
98,15,1
98,16,0
98,17,1
98,18,0
98,19,1
98,20,0
98,21,1
98,22,0
98,23,0
98,24,1
98,25,0
98,26,1
98,27,0
99,1,0
99,2,1
99,3,0
99,4,1
99,5,0
99,6,1
99,7,0
99,8,1
99,9,0
99,10,1
99,11,0
99,12,1
99,13,0
99,14,1
99,15,1
99,16,0
99,17,1
99,18,0
99,19,1
99,20,0
99,21,1
99,22,0
99,23,1
99,24,0
99,25,0
99,26,1
99,27,0
100,1,0
100,2,1
100,3,0
100,4,1
100,5,0
100,6,1
100,7,0
100,8,1
100,9,0
100,10,1
100,11,0
100,12,1
100,13,0
100,14,1
100,15,1
100,16,0
100,17,1
100,18,0
100,19,1
100,20,0
100,21,1
100,22,0
100,23,1
100,24,0
100,25,1
100,26,0
100,27,1
101,1,0
101,2,1
101,3,0
101,4,1
101,5,0
101,6,1
101,7,0
101,8,1
101,9,0
101,10,1
101,11,0
101,12,1
101,13,1
101,14,0
101,15,0
101,16,1
101,17,0
101,18,1
101,19,0
101,20,1
101,21,0
101,22,1
101,23,0
101,24,1
101,25,0
101,26,1
101,27,0
102,1,0
102,2,1
102,3,0
102,4,1
102,5,0
102,6,1
102,7,0
102,8,1
102,9,0
102,10,1
102,11,0
102,12,1
102,13,1
102,14,0
102,15,1
102,16,0
102,17,0
102,18,1
102,19,0
102,20,1
102,21,0
102,22,1
102,23,0
102,24,1
102,25,0
102,26,1
102,27,0
103,1,0
103,2,1
103,3,0
103,4,1
103,5,0
103,6,1
103,7,0
103,8,1
103,9,0
103,10,1
103,11,0
103,12,1
103,13,1
103,14,0
103,15,1
103,16,0
103,17,1
103,18,0
103,19,0
103,20,1
103,21,0
103,22,1
103,23,0
103,24,1
103,25,0
103,26,1
103,27,0
104,1,0
104,2,1
104,3,0
104,4,1
104,5,0
104,6,1
104,7,0
104,8,1
104,9,0
104,10,1
104,11,0
104,12,1
104,13,1
104,14,0
104,15,1
104,16,0
104,17,1
104,18,0
104,19,1
104,20,0
104,21,0
104,22,1
104,23,0
104,24,1
104,25,0
104,26,1
104,27,0
105,1,0
105,2,1
105,3,0
105,4,1
105,5,0
105,6,1
105,7,0
105,8,1
105,9,0
105,10,1
105,11,0
105,12,1
105,13,1
105,14,0
105,15,1
105,16,0
105,17,1
105,18,0
105,19,1
105,20,0
105,21,1
105,22,0
105,23,0
105,24,1
105,25,0
105,26,1
105,27,0
106,1,0
106,2,1
106,3,0
106,4,1
106,5,0
106,6,1
106,7,0
106,8,1
106,9,0
106,10,1
106,11,0
106,12,1
106,13,1
106,14,0
106,15,1
106,16,0
106,17,1
106,18,0
106,19,1
106,20,0
106,21,1
106,22,0
106,23,1
106,24,0
106,25,0
106,26,1
106,27,0
107,1,0
107,2,1
107,3,0
107,4,1
107,5,0
107,6,1
107,7,0
107,8,1
107,9,0
107,10,1
107,11,0
107,12,1
107,13,1
107,14,0
107,15,1
107,16,0
107,17,1
107,18,0
107,19,1
107,20,0
107,21,1
107,22,0
107,23,1
107,24,0
107,25,1
107,26,0
107,27,1
108,1,0
108,2,1
108,3,0
108,4,1
108,5,0
108,6,1
108,7,0
108,8,1
108,9,0
108,10,1
108,11,1
108,12,0
108,13,0
108,14,1
108,15,0
108,16,1
108,17,0
108,18,1
108,19,0
108,20,1
108,21,0
108,22,1
108,23,0
108,24,1
108,25,0
108,26,1
108,27,0
109,1,0
109,2,1
109,3,0
109,4,1
109,5,0
109,6,1
109,7,0
109,8,1
109,9,0
109,10,1
109,11,1
109,12,0
109,13,1
109,14,0
109,15,0
109,16,1
109,17,0
109,18,1
109,19,0
109,20,1
109,21,0
109,22,1
109,23,0
109,24,1
109,25,0
109,26,1
109,27,0
110,1,0
110,2,1
110,3,0
110,4,1
110,5,0
110,6,1
110,7,0
110,8,1
110,9,0
110,10,1
110,11,1
110,12,0
110,13,1
110,14,0
110,15,1
110,16,0
110,17,0
110,18,1
110,19,0
110,20,1
110,21,0
110,22,1
110,23,0
110,24,1
110,25,0
110,26,1
110,27,0
111,1,0
111,2,1
111,3,0
111,4,1
111,5,0
111,6,1
111,7,0
111,8,1
111,9,0
111,10,1
111,11,1
111,12,0
111,13,1
111,14,0
111,15,1
111,16,0
111,17,1
111,18,0
111,19,0
111,20,1
111,21,0
111,22,1
111,23,0
111,24,1
111,25,0
111,26,1
111,27,0
112,1,0
112,2,1
112,3,0
112,4,1
112,5,0
112,6,1
112,7,0
112,8,1
112,9,0
112,10,1
112,11,1
112,12,0
112,13,1
112,14,0
112,15,1
112,16,0
112,17,1
112,18,0
112,19,1
112,20,0
112,21,0
112,22,1
112,23,0
112,24,1
112,25,0
112,26,1
112,27,0
113,1,0
113,2,1
113,3,0
113,4,1
113,5,0
113,6,1
113,7,0
113,8,1
113,9,0
113,10,1
113,11,1
113,12,0
113,13,1
113,14,0
113,15,1
113,16,0
113,17,1
113,18,0
113,19,1
113,20,0
113,21,1
113,22,0
113,23,0
113,24,1
113,25,0
113,26,1
113,27,0
114,1,0
114,2,1
114,3,0
114,4,1
114,5,0
114,6,1
114,7,0
114,8,1
114,9,0
114,10,1
114,11,1
114,12,0
114,13,1
114,14,0
114,15,1
114,16,0
114,17,1
114,18,0
114,19,1
114,20,0
114,21,1
114,22,0
114,23,1
114,24,0
114,25,0
114,26,1
114,27,0
115,1,0
115,2,1
115,3,0
115,4,1
115,5,0
115,6,1
115,7,0
115,8,1
115,9,0
115,10,1
115,11,1
115,12,0
115,13,1
115,14,0
115,15,1
115,16,0
115,17,1
115,18,0
115,19,1
115,20,0
115,21,1
115,22,0
115,23,1
115,24,0
115,25,1
115,26,0
115,27,1
116,1,0
116,2,1
116,3,0
116,4,1
116,5,0
116,6,1
116,7,0
116,8,1
116,9,1
116,10,0
116,11,0
116,12,1
116,13,0
116,14,1
116,15,0
116,16,1
116,17,0
116,18,1
116,19,0
116,20,1
116,21,0
116,22,1
116,23,0
116,24,1
116,25,0
116,26,1
116,27,0
117,1,0
117,2,1
117,3,0
117,4,1
117,5,0
117,6,1
117,7,0
117,8,1
117,9,1
117,10,0
117,11,1
117,12,0
117,13,0
117,14,1
117,15,0
117,16,1
117,17,0
117,18,1
117,19,0
117,20,1
117,21,0
117,22,1
117,23,0
117,24,1
117,25,0
117,26,1
117,27,0
118,1,0
118,2,1
118,3,0
118,4,1
118,5,0
118,6,1
118,7,0
118,8,1
118,9,1
118,10,0
118,11,1
118,12,0
118,13,1
118,14,0
118,15,0
118,16,1
118,17,0
118,18,1
118,19,0
118,20,1
118,21,0
118,22,1
118,23,0
118,24,1
118,25,0
118,26,1
118,27,0
119,1,0
119,2,1
119,3,0
119,4,1
119,5,0
119,6,1
119,7,0
119,8,1
119,9,1
119,10,0
119,11,1
119,12,0
119,13,1
119,14,0
119,15,1
119,16,0
119,17,0
119,18,1
119,19,0
119,20,1
119,21,0
119,22,1
119,23,0
119,24,1
119,25,0
119,26,1
119,27,0
120,1,0
120,2,1
120,3,0
120,4,1
120,5,0
120,6,1
120,7,0
120,8,1
120,9,1
120,10,0
120,11,1
120,12,0
120,13,1
120,14,0
120,15,1
120,16,0
120,17,1
120,18,0
120,19,0
120,20,1
120,21,0
120,22,1
120,23,0
120,24,1
120,25,0
120,26,1
120,27,0
121,1,0
121,2,1
121,3,0
121,4,1
121,5,0
121,6,1
121,7,0
121,8,1
121,9,1
121,10,0
121,11,1
121,12,0
121,13,1
121,14,0
121,15,1
121,16,0
121,17,1
121,18,0
121,19,1
121,20,0
121,21,0
121,22,1
121,23,0
121,24,1
121,25,0
121,26,1
121,27,0
122,1,0
122,2,1
122,3,0
122,4,1
122,5,0
122,6,1
122,7,0
122,8,1
122,9,1
122,10,0
122,11,1
122,12,0
122,13,1
122,14,0
122,15,1
122,16,0
122,17,1
122,18,0
122,19,1
122,20,0
122,21,1
122,22,0
122,23,0
122,24,1
122,25,0
122,26,1
122,27,0
123,1,0
123,2,1
123,3,0
123,4,1
123,5,0
123,6,1
123,7,0
123,8,1
123,9,1
123,10,0
123,11,1
123,12,0
123,13,1
123,14,0
123,15,1
123,16,0
123,17,1
123,18,0
123,19,1
123,20,0
123,21,1
123,22,0
123,23,1
123,24,0
123,25,0
123,26,1
123,27,0
124,1,0
124,2,1
124,3,0
124,4,1
124,5,0
124,6,1
124,7,0
124,8,1
124,9,1
124,10,0
124,11,1
124,12,0
124,13,1
124,14,0
124,15,1
124,16,0
124,17,1
124,18,0
124,19,1
124,20,0
124,21,1
124,22,0
124,23,1
124,24,0
124,25,1
124,26,0
124,27,1
125,1,0
125,2,1
125,3,0
125,4,1
125,5,0
125,6,1
125,7,1
125,8,0
125,9,0
125,10,1
125,11,0
125,12,1
125,13,0
125,14,1
125,15,0
125,16,1
125,17,0
125,18,1
125,19,0
125,20,1
125,21,0
125,22,1
125,23,0
125,24,1
125,25,0
125,26,1
125,27,0
126,1,0
126,2,1
126,3,0
126,4,1
126,5,0
126,6,1
126,7,1
126,8,0
126,9,1
126,10,0
126,11,0
126,12,1
126,13,0
126,14,1
126,15,0
126,16,1
126,17,0
126,18,1
126,19,0
126,20,1
126,21,0
126,22,1
126,23,0
126,24,1
126,25,0
126,26,1
126,27,0
127,1,0
127,2,1
127,3,0
127,4,1
127,5,0
127,6,1
127,7,1
127,8,0
127,9,1
127,10,0
127,11,1
127,12,0
127,13,0
127,14,1
127,15,0
127,16,1
127,17,0
127,18,1
127,19,0
127,20,1
127,21,0
127,22,1
127,23,0
127,24,1
127,25,0
127,26,1
127,27,0
128,1,0
128,2,1
128,3,0
128,4,1
128,5,0
128,6,1
128,7,1
128,8,0
128,9,1
128,10,0
128,11,1
128,12,0
128,13,1
128,14,0
128,15,0
128,16,1
128,17,0
128,18,1
128,19,0
128,20,1
128,21,0
128,22,1
128,23,0
128,24,1
128,25,0
128,26,1
128,27,0
129,1,0
129,2,1
129,3,0
129,4,1
129,5,0
129,6,1
129,7,1
129,8,0
129,9,1
129,10,0
129,11,1
129,12,0
129,13,1
129,14,0
129,15,1
129,16,0
129,17,0
129,18,1
129,19,0
129,20,1
129,21,0
129,22,1
129,23,0
129,24,1
129,25,0
129,26,1
129,27,0
130,1,0
130,2,1
130,3,0
130,4,1
130,5,0
130,6,1
130,7,1
130,8,0
130,9,1
130,10,0
130,11,1
130,12,0
130,13,1
130,14,0
130,15,1
130,16,0
130,17,1
130,18,0
130,19,0
130,20,1
130,21,0
130,22,1
130,23,0
130,24,1
130,25,0
130,26,1
130,27,0
131,1,0
131,2,1
131,3,0
131,4,1
131,5,0
131,6,1
131,7,1
131,8,0
131,9,1
131,10,0
131,11,1
131,12,0
131,13,1
131,14,0
131,15,1
131,16,0
131,17,1
131,18,0
131,19,1
131,20,0
131,21,0
131,22,1
131,23,0
131,24,1
131,25,0
131,26,1
131,27,0
132,1,0
132,2,1
132,3,0
132,4,1
132,5,0
132,6,1
132,7,1
132,8,0
132,9,1
132,10,0
132,11,1
132,12,0
132,13,1
132,14,0
132,15,1
132,16,0
132,17,1
132,18,0
132,19,1
132,20,0
132,21,1
132,22,0
132,23,0
132,24,1
132,25,0
132,26,1
132,27,0
133,1,0
133,2,1
133,3,0
133,4,1
133,5,0
133,6,1
133,7,1
133,8,0
133,9,1
133,10,0
133,11,1
133,12,0
133,13,1
133,14,0
133,15,1
133,16,0
133,17,1
133,18,0
133,19,1
133,20,0
133,21,1
133,22,0
133,23,1
133,24,0
133,25,0
133,26,1
133,27,0
134,1,0
134,2,1
134,3,0
134,4,1
134,5,0
134,6,1
134,7,1
134,8,0
134,9,1
134,10,0
134,11,1
134,12,0
134,13,1
134,14,0
134,15,1
134,16,0
134,17,1
134,18,0
134,19,1
134,20,0
134,21,1
134,22,0
134,23,1
134,24,0
134,25,1
134,26,0
134,27,1
135,1,0
135,2,1
135,3,0
135,4,1
135,5,1
135,6,0
135,7,0
135,8,1
135,9,0
135,10,1
135,11,0
135,12,1
135,13,0
135,14,1
135,15,0
135,16,1
135,17,0
135,18,1
135,19,0
135,20,1
135,21,0
135,22,1
135,23,0
135,24,1
135,25,0
135,26,1
135,27,0
136,1,0
136,2,1
136,3,0
136,4,1
136,5,1
136,6,0
136,7,1
136,8,0
136,9,0
136,10,1
136,11,0
136,12,1
136,13,0
136,14,1
136,15,0
136,16,1
136,17,0
136,18,1
136,19,0
136,20,1
136,21,0
136,22,1
136,23,0
136,24,1
136,25,0
136,26,1
136,27,0
137,1,0
137,2,1
137,3,0
137,4,1
137,5,1
137,6,0
137,7,1
137,8,0
137,9,1
137,10,0
137,11,0
137,12,1
137,13,0
137,14,1
137,15,0
137,16,1
137,17,0
137,18,1
137,19,0
137,20,1
137,21,0
137,22,1
137,23,0
137,24,1
137,25,0
137,26,1
137,27,0
138,1,0
138,2,1
138,3,0
138,4,1
138,5,1
138,6,0
138,7,1
138,8,0
138,9,1
138,10,0
138,11,1
138,12,0
138,13,0
138,14,1
138,15,0
138,16,1
138,17,0
138,18,1
138,19,0
138,20,1
138,21,0
138,22,1
138,23,0
138,24,1
138,25,0
138,26,1
138,27,0
139,1,0
139,2,1
139,3,0
139,4,1
139,5,1
139,6,0
139,7,1
139,8,0
139,9,1
139,10,0
139,11,1
139,12,0
139,13,1
139,14,0
139,15,0
139,16,1
139,17,0
139,18,1
139,19,0
139,20,1
139,21,0
139,22,1
139,23,0
139,24,1
139,25,0
139,26,1
139,27,0
140,1,0
140,2,1
140,3,0
140,4,1
140,5,1
140,6,0
140,7,1
140,8,0
140,9,1
140,10,0
140,11,1
140,12,0
140,13,1
140,14,0
140,15,1
140,16,0
140,17,0
140,18,1
140,19,0
140,20,1
140,21,0
140,22,1
140,23,0
140,24,1
140,25,0
140,26,1
140,27,0
141,1,0
141,2,1
141,3,0
141,4,1
141,5,1
141,6,0
141,7,1
141,8,0
141,9,1
141,10,0
141,11,1
141,12,0
141,13,1
141,14,0
141,15,1
141,16,0
141,17,1
141,18,0
141,19,0
141,20,1
141,21,0
141,22,1
141,23,0
141,24,1
141,25,0
141,26,1
141,27,0
142,1,0
142,2,1
142,3,0
142,4,1
142,5,1
142,6,0
142,7,1
142,8,0
142,9,1
142,10,0
142,11,1
142,12,0
142,13,1
142,14,0
142,15,1
142,16,0
142,17,1
142,18,0
142,19,1
142,20,0
142,21,0
142,22,1
142,23,0
142,24,1
142,25,0
142,26,1
142,27,0
143,1,0
143,2,1
143,3,0
143,4,1
143,5,1
143,6,0
143,7,1
143,8,0
143,9,1
143,10,0
143,11,1
143,12,0
143,13,1
143,14,0
143,15,1
143,16,0
143,17,1
143,18,0
143,19,1
143,20,0
143,21,1
143,22,0
143,23,0
143,24,1
143,25,0
143,26,1
143,27,0
144,1,0
144,2,1
144,3,0
144,4,1
144,5,1
144,6,0
144,7,1
144,8,0
144,9,1
144,10,0
144,11,1
144,12,0
144,13,1
144,14,0
144,15,1
144,16,0
144,17,1
144,18,0
144,19,1
144,20,0
144,21,1
144,22,0
144,23,1
144,24,0
144,25,0
144,26,1
144,27,0
145,1,0
145,2,1
145,3,0
145,4,1
145,5,1
145,6,0
145,7,1
145,8,0
145,9,1
145,10,0
145,11,1
145,12,0
145,13,1
145,14,0
145,15,1
145,16,0
145,17,1
145,18,0
145,19,1
145,20,0
145,21,1
145,22,0
145,23,1
145,24,0
145,25,1
145,26,0
145,27,1
146,1,0
146,2,1
146,3,1
146,4,0
146,5,0
146,6,1
146,7,0
146,8,1
146,9,0
146,10,1
146,11,0
146,12,1
146,13,0
146,14,1
146,15,0
146,16,1
146,17,0
146,18,1
146,19,0
146,20,1
146,21,0
146,22,1
146,23,0
146,24,1
146,25,0
146,26,1
146,27,0
147,1,0
147,2,1
147,3,1
147,4,0
147,5,1
147,6,0
147,7,0
147,8,1
147,9,0
147,10,1
147,11,0
147,12,1
147,13,0
147,14,1
147,15,0
147,16,1
147,17,0
147,18,1
147,19,0
147,20,1
147,21,0
147,22,1
147,23,0
147,24,1
147,25,0
147,26,1
147,27,0
148,1,0
148,2,1
148,3,1
148,4,0
148,5,1
148,6,0
148,7,1
148,8,0
148,9,0
148,10,1
148,11,0
148,12,1
148,13,0
148,14,1
148,15,0
148,16,1
148,17,0
148,18,1
148,19,0
148,20,1
148,21,0
148,22,1
148,23,0
148,24,1
148,25,0
148,26,1
148,27,0
149,1,0
149,2,1
149,3,1
149,4,0
149,5,1
149,6,0
149,7,1
149,8,0
149,9,1
149,10,0
149,11,0
149,12,1
149,13,0
149,14,1
149,15,0
149,16,1
149,17,0
149,18,1
149,19,0
149,20,1
149,21,0
149,22,1
149,23,0
149,24,1
149,25,0
149,26,1
149,27,0
150,1,0
150,2,1
150,3,1
150,4,0
150,5,1
150,6,0
150,7,1
150,8,0
150,9,1
150,10,0
150,11,1
150,12,0
150,13,0
150,14,1
150,15,0
150,16,1
150,17,0
150,18,1
150,19,0
150,20,1
150,21,0
150,22,1
150,23,0
150,24,1
150,25,0
150,26,1
150,27,0
151,1,0
151,2,1
151,3,1
151,4,0
151,5,1
151,6,0
151,7,1
151,8,0
151,9,1
151,10,0
151,11,1
151,12,0
151,13,1
151,14,0
151,15,0
151,16,1
151,17,0
151,18,1
151,19,0
151,20,1
151,21,0
151,22,1
151,23,0
151,24,1
151,25,0
151,26,1
151,27,0
152,1,0
152,2,1
152,3,1
152,4,0
152,5,1
152,6,0
152,7,1
152,8,0
152,9,1
152,10,0
152,11,1
152,12,0
152,13,1
152,14,0
152,15,1
152,16,0
152,17,0
152,18,1
152,19,0
152,20,1
152,21,0
152,22,1
152,23,0
152,24,1
152,25,0
152,26,1
152,27,0
153,1,0
153,2,1
153,3,1
153,4,0
153,5,1
153,6,0
153,7,1
153,8,0
153,9,1
153,10,0
153,11,1
153,12,0
153,13,1
153,14,0
153,15,1
153,16,0
153,17,1
153,18,0
153,19,0
153,20,1
153,21,0
153,22,1
153,23,0
153,24,1
153,25,0
153,26,1
153,27,0
154,1,0
154,2,1
154,3,1
154,4,0
154,5,1
154,6,0
154,7,1
154,8,0
154,9,1
154,10,0
154,11,1
154,12,0
154,13,1
154,14,0
154,15,1
154,16,0
154,17,1
154,18,0
154,19,1
154,20,0
154,21,0
154,22,1
154,23,0
154,24,1
154,25,0
154,26,1
154,27,0
155,1,0
155,2,1
155,3,1
155,4,0
155,5,1
155,6,0
155,7,1
155,8,0
155,9,1
155,10,0
155,11,1
155,12,0
155,13,1
155,14,0
155,15,1
155,16,0
155,17,1
155,18,0
155,19,1
155,20,0
155,21,1
155,22,0
155,23,0
155,24,1
155,25,0
155,26,1
155,27,0
156,1,0
156,2,1
156,3,1
156,4,0
156,5,1
156,6,0
156,7,1
156,8,0
156,9,1
156,10,0
156,11,1
156,12,0
156,13,1
156,14,0
156,15,1
156,16,0
156,17,1
156,18,0
156,19,1
156,20,0
156,21,1
156,22,0
156,23,1
156,24,0
156,25,0
156,26,1
156,27,0
157,1,0
157,2,1
157,3,1
157,4,0
157,5,1
157,6,0
157,7,1
157,8,0
157,9,1
157,10,0
157,11,1
157,12,0
157,13,1
157,14,0
157,15,1
157,16,0
157,17,1
157,18,0
157,19,1
157,20,0
157,21,1
157,22,0
157,23,1
157,24,0
157,25,1
157,26,0
157,27,1
158,1,1
158,2,0
158,3,0
158,4,1
158,5,0
158,6,1
158,7,0
158,8,1
158,9,0
158,10,1
158,11,0
158,12,1
158,13,0
158,14,1
158,15,0
158,16,1
158,17,0
158,18,1
158,19,0
158,20,1
158,21,0
158,22,1
158,23,0
158,24,1
158,25,0
158,26,1
158,27,0
159,1,1
159,2,0
159,3,0
159,4,1
159,5,0
159,6,1
159,7,0
159,8,1
159,9,0
159,10,1
159,11,0
159,12,1
159,13,0
159,14,1
159,15,0
159,16,1
159,17,0
159,18,1
159,19,0
159,20,1
159,21,0
159,22,1
159,23,0
159,24,1
159,25,1
159,26,0
159,27,1
160,1,1
160,2,0
160,3,0
160,4,1
160,5,0
160,6,1
160,7,0
160,8,1
160,9,0
160,10,1
160,11,0
160,12,1
160,13,0
160,14,1
160,15,0
160,16,1
160,17,0
160,18,1
160,19,0
160,20,1
160,21,0
160,22,1
160,23,1
160,24,0
160,25,1
160,26,0
160,27,1
161,1,1
161,2,0
161,3,0
161,4,1
161,5,0
161,6,1
161,7,0
161,8,1
161,9,0
161,10,1
161,11,0
161,12,1
161,13,0
161,14,1
161,15,0
161,16,1
161,17,0
161,18,1
161,19,0
161,20,1
161,21,1
161,22,0
161,23,1
161,24,0
161,25,1
161,26,0
161,27,1
162,1,1
162,2,0
162,3,0
162,4,1
162,5,0
162,6,1
162,7,0
162,8,1
162,9,0
162,10,1
162,11,0
162,12,1
162,13,0
162,14,1
162,15,0
162,16,1
162,17,0
162,18,1
162,19,1
162,20,0
162,21,1
162,22,0
162,23,1
162,24,0
162,25,1
162,26,0
162,27,1
163,1,1
163,2,0
163,3,0
163,4,1
163,5,0
163,6,1
163,7,0
163,8,1
163,9,0
163,10,1
163,11,0
163,12,1
163,13,0
163,14,1
163,15,0
163,16,1
163,17,1
163,18,0
163,19,1
163,20,0
163,21,1
163,22,0
163,23,1
163,24,0
163,25,1
163,26,0
163,27,1
164,1,1
164,2,0
164,3,0
164,4,1
164,5,0
164,6,1
164,7,0
164,8,1
164,9,0
164,10,1
164,11,0
164,12,1
164,13,0
164,14,1
164,15,1
164,16,0
164,17,1
164,18,0
164,19,1
164,20,0
164,21,1
164,22,0
164,23,1
164,24,0
164,25,1
164,26,0
164,27,1
165,1,1
165,2,0
165,3,0
165,4,1
165,5,0
165,6,1
165,7,0
165,8,1
165,9,0
165,10,1
165,11,0
165,12,1
165,13,1
165,14,0
165,15,1
165,16,0
165,17,1
165,18,0
165,19,1
165,20,0
165,21,1
165,22,0
165,23,1
165,24,0
165,25,1
165,26,0
165,27,1
166,1,1
166,2,0
166,3,0
166,4,1
166,5,0
166,6,1
166,7,0
166,8,1
166,9,0
166,10,1
166,11,1
166,12,0
166,13,1
166,14,0
166,15,1
166,16,0
166,17,1
166,18,0
166,19,1
166,20,0
166,21,1
166,22,0
166,23,1
166,24,0
166,25,1
166,26,0
166,27,1
167,1,1
167,2,0
167,3,0
167,4,1
167,5,0
167,6,1
167,7,0
167,8,1
167,9,1
167,10,0
167,11,1
167,12,0
167,13,1
167,14,0
167,15,1
167,16,0
167,17,1
167,18,0
167,19,1
167,20,0
167,21,1
167,22,0
167,23,1
167,24,0
167,25,1
167,26,0
167,27,1
168,1,1
168,2,0
168,3,0
168,4,1
168,5,0
168,6,1
168,7,1
168,8,0
168,9,1
168,10,0
168,11,1
168,12,0
168,13,1
168,14,0
168,15,1
168,16,0
168,17,1
168,18,0
168,19,1
168,20,0
168,21,1
168,22,0
168,23,1
168,24,0
168,25,1
168,26,0
168,27,1
169,1,1
169,2,0
169,3,0
169,4,1
169,5,1
169,6,0
169,7,1
169,8,0
169,9,1
169,10,0
169,11,1
169,12,0
169,13,1
169,14,0
169,15,1
169,16,0
169,17,1
169,18,0
169,19,1
169,20,0
169,21,1
169,22,0
169,23,1
169,24,0
169,25,1
169,26,0
169,27,1
170,1,1
170,2,0
170,3,1
170,4,0
170,5,0
170,6,1
170,7,0
170,8,1
170,9,0
170,10,1
170,11,0
170,12,1
170,13,0
170,14,1
170,15,0
170,16,1
170,17,0
170,18,1
170,19,0
170,20,1
170,21,0
170,22,1
170,23,0
170,24,1
170,25,0
170,26,1
170,27,0
171,1,1
171,2,0
171,3,1
171,4,0
171,5,0
171,6,1
171,7,0
171,8,1
171,9,0
171,10,1
171,11,0
171,12,1
171,13,0
171,14,1
171,15,0
171,16,1
171,17,0
171,18,1
171,19,0
171,20,1
171,21,0
171,22,1
171,23,0
171,24,1
171,25,1
171,26,0
171,27,1
172,1,1
172,2,0
172,3,1
172,4,0
172,5,0
172,6,1
172,7,0
172,8,1
172,9,0
172,10,1
172,11,0
172,12,1
172,13,0
172,14,1
172,15,0
172,16,1
172,17,0
172,18,1
172,19,0
172,20,1
172,21,0
172,22,1
172,23,1
172,24,0
172,25,1
172,26,0
172,27,1
173,1,1
173,2,0
173,3,1
173,4,0
173,5,0
173,6,1
173,7,0
173,8,1
173,9,0
173,10,1
173,11,0
173,12,1
173,13,0
173,14,1
173,15,0
173,16,1
173,17,0
173,18,1
173,19,0
173,20,1
173,21,1
173,22,0
173,23,1
173,24,0
173,25,1
173,26,0
173,27,1
174,1,1
174,2,0
174,3,1
174,4,0
174,5,0
174,6,1
174,7,0
174,8,1
174,9,0
174,10,1
174,11,0
174,12,1
174,13,0
174,14,1
174,15,0
174,16,1
174,17,0
174,18,1
174,19,1
174,20,0
174,21,1
174,22,0
174,23,1
174,24,0
174,25,1
174,26,0
174,27,1
175,1,1
175,2,0
175,3,1
175,4,0
175,5,0
175,6,1
175,7,0
175,8,1
175,9,0
175,10,1
175,11,0
175,12,1
175,13,0
175,14,1
175,15,0
175,16,1
175,17,1
175,18,0
175,19,1
175,20,0
175,21,1
175,22,0
175,23,1
175,24,0
175,25,1
175,26,0
175,27,1
176,1,1
176,2,0
176,3,1
176,4,0
176,5,0
176,6,1
176,7,0
176,8,1
176,9,0
176,10,1
176,11,0
176,12,1
176,13,0
176,14,1
176,15,1
176,16,0
176,17,1
176,18,0
176,19,1
176,20,0
176,21,1
176,22,0
176,23,1
176,24,0
176,25,1
176,26,0
176,27,1
177,1,1
177,2,0
177,3,1
177,4,0
177,5,0
177,6,1
177,7,0
177,8,1
177,9,0
177,10,1
177,11,0
177,12,1
177,13,1
177,14,0
177,15,1
177,16,0
177,17,1
177,18,0
177,19,1
177,20,0
177,21,1
177,22,0
177,23,1
177,24,0
177,25,1
177,26,0
177,27,1
178,1,1
178,2,0
178,3,1
178,4,0
178,5,0
178,6,1
178,7,0
178,8,1
178,9,0
178,10,1
178,11,1
178,12,0
178,13,1
178,14,0
178,15,1
178,16,0
178,17,1
178,18,0
178,19,1
178,20,0
178,21,1
178,22,0
178,23,1
178,24,0
178,25,1
178,26,0
178,27,1
179,1,1
179,2,0
179,3,1
179,4,0
179,5,0
179,6,1
179,7,0
179,8,1
179,9,1
179,10,0
179,11,1
179,12,0
179,13,1
179,14,0
179,15,1
179,16,0
179,17,1
179,18,0
179,19,1
179,20,0
179,21,1
179,22,0
179,23,1
179,24,0
179,25,1
179,26,0
179,27,1
180,1,1
180,2,0
180,3,1
180,4,0
180,5,0
180,6,1
180,7,1
180,8,0
180,9,1
180,10,0
180,11,1
180,12,0
180,13,1
180,14,0
180,15,1
180,16,0
180,17,1
180,18,0
180,19,1
180,20,0
180,21,1
180,22,0
180,23,1
180,24,0
180,25,1
180,26,0
180,27,1
181,1,1
181,2,0
181,3,1
181,4,0
181,5,1
181,6,0
181,7,0
181,8,1
181,9,0
181,10,1
181,11,0
181,12,1
181,13,0
181,14,1
181,15,0
181,16,1
181,17,0
181,18,1
181,19,0
181,20,1
181,21,0
181,22,1
181,23,0
181,24,1
181,25,0
181,26,1
181,27,0
182,1,1
182,2,0
182,3,1
182,4,0
182,5,1
182,6,0
182,7,0
182,8,1
182,9,0
182,10,1
182,11,0
182,12,1
182,13,0
182,14,1
182,15,0
182,16,1
182,17,0
182,18,1
182,19,0
182,20,1
182,21,0
182,22,1
182,23,0
182,24,1
182,25,1
182,26,0
182,27,1
183,1,1
183,2,0
183,3,1
183,4,0
183,5,1
183,6,0
183,7,0
183,8,1
183,9,0
183,10,1
183,11,0
183,12,1
183,13,0
183,14,1
183,15,0
183,16,1
183,17,0
183,18,1
183,19,0
183,20,1
183,21,0
183,22,1
183,23,1
183,24,0
183,25,1
183,26,0
183,27,1
184,1,1
184,2,0
184,3,1
184,4,0
184,5,1
184,6,0
184,7,0
184,8,1
184,9,0
184,10,1
184,11,0
184,12,1
184,13,0
184,14,1
184,15,0
184,16,1
184,17,0
184,18,1
184,19,0
184,20,1
184,21,1
184,22,0
184,23,1
184,24,0
184,25,1
184,26,0
184,27,1
185,1,1
185,2,0
185,3,1
185,4,0
185,5,1
185,6,0
185,7,0
185,8,1
185,9,0
185,10,1
185,11,0
185,12,1
185,13,0
185,14,1
185,15,0
185,16,1
185,17,0
185,18,1
185,19,1
185,20,0
185,21,1
185,22,0
185,23,1
185,24,0
185,25,1
185,26,0
185,27,1
186,1,1
186,2,0
186,3,1
186,4,0
186,5,1
186,6,0
186,7,0
186,8,1
186,9,0
186,10,1
186,11,0
186,12,1
186,13,0
186,14,1
186,15,0
186,16,1
186,17,1
186,18,0
186,19,1
186,20,0
186,21,1
186,22,0
186,23,1
186,24,0
186,25,1
186,26,0
186,27,1
187,1,1
187,2,0
187,3,1
187,4,0
187,5,1
187,6,0
187,7,0
187,8,1
187,9,0
187,10,1
187,11,0
187,12,1
187,13,0
187,14,1
187,15,1
187,16,0
187,17,1
187,18,0
187,19,1
187,20,0
187,21,1
187,22,0
187,23,1
187,24,0
187,25,1
187,26,0
187,27,1
188,1,1
188,2,0
188,3,1
188,4,0
188,5,1
188,6,0
188,7,0
188,8,1
188,9,0
188,10,1
188,11,0
188,12,1
188,13,1
188,14,0
188,15,1
188,16,0
188,17,1
188,18,0
188,19,1
188,20,0
188,21,1
188,22,0
188,23,1
188,24,0
188,25,1
188,26,0
188,27,1
189,1,1
189,2,0
189,3,1
189,4,0
189,5,1
189,6,0
189,7,0
189,8,1
189,9,0
189,10,1
189,11,1
189,12,0
189,13,1
189,14,0
189,15,1
189,16,0
189,17,1
189,18,0
189,19,1
189,20,0
189,21,1
189,22,0
189,23,1
189,24,0
189,25,1
189,26,0
189,27,1
190,1,1
190,2,0
190,3,1
190,4,0
190,5,1
190,6,0
190,7,0
190,8,1
190,9,1
190,10,0
190,11,1
190,12,0
190,13,1
190,14,0
190,15,1
190,16,0
190,17,1
190,18,0
190,19,1
190,20,0
190,21,1
190,22,0
190,23,1
190,24,0
190,25,1
190,26,0
190,27,1
191,1,1
191,2,0
191,3,1
191,4,0
191,5,1
191,6,0
191,7,1
191,8,0
191,9,0
191,10,1
191,11,0
191,12,1
191,13,0
191,14,1
191,15,0
191,16,1
191,17,0
191,18,1
191,19,0
191,20,1
191,21,0
191,22,1
191,23,0
191,24,1
191,25,0
191,26,1
191,27,0
192,1,1
192,2,0
192,3,1
192,4,0
192,5,1
192,6,0
192,7,1
192,8,0
192,9,0
192,10,1
192,11,0
192,12,1
192,13,0
192,14,1
192,15,0
192,16,1
192,17,0
192,18,1
192,19,0
192,20,1
192,21,0
192,22,1
192,23,0
192,24,1
192,25,1
192,26,0
192,27,1
193,1,1
193,2,0
193,3,1
193,4,0
193,5,1
193,6,0
193,7,1
193,8,0
193,9,0
193,10,1
193,11,0
193,12,1
193,13,0
193,14,1
193,15,0
193,16,1
193,17,0
193,18,1
193,19,0
193,20,1
193,21,0
193,22,1
193,23,1
193,24,0
193,25,1
193,26,0
193,27,1
194,1,1
194,2,0
194,3,1
194,4,0
194,5,1
194,6,0
194,7,1
194,8,0
194,9,0
194,10,1
194,11,0
194,12,1
194,13,0
194,14,1
194,15,0
194,16,1
194,17,0
194,18,1
194,19,0
194,20,1
194,21,1
194,22,0
194,23,1
194,24,0
194,25,1
194,26,0
194,27,1
195,1,1
195,2,0
195,3,1
195,4,0
195,5,1
195,6,0
195,7,1
195,8,0
195,9,0
195,10,1
195,11,0
195,12,1
195,13,0
195,14,1
195,15,0
195,16,1
195,17,0
195,18,1
195,19,1
195,20,0
195,21,1
195,22,0
195,23,1
195,24,0
195,25,1
195,26,0
195,27,1
196,1,1
196,2,0
196,3,1
196,4,0
196,5,1
196,6,0
196,7,1
196,8,0
196,9,0
196,10,1
196,11,0
196,12,1
196,13,0
196,14,1
196,15,0
196,16,1
196,17,1
196,18,0
196,19,1
196,20,0
196,21,1
196,22,0
196,23,1
196,24,0
196,25,1
196,26,0
196,27,1
197,1,1
197,2,0
197,3,1
197,4,0
197,5,1
197,6,0
197,7,1
197,8,0
197,9,0
197,10,1
197,11,0
197,12,1
197,13,0
197,14,1
197,15,1
197,16,0
197,17,1
197,18,0
197,19,1
197,20,0
197,21,1
197,22,0
197,23,1
197,24,0
197,25,1
197,26,0
197,27,1
198,1,1
198,2,0
198,3,1
198,4,0
198,5,1
198,6,0
198,7,1
198,8,0
198,9,0
198,10,1
198,11,0
198,12,1
198,13,1
198,14,0
198,15,1
198,16,0
198,17,1
198,18,0
198,19,1
198,20,0
198,21,1
198,22,0
198,23,1
198,24,0
198,25,1
198,26,0
198,27,1
199,1,1
199,2,0
199,3,1
199,4,0
199,5,1
199,6,0
199,7,1
199,8,0
199,9,0
199,10,1
199,11,1
199,12,0
199,13,1
199,14,0
199,15,1
199,16,0
199,17,1
199,18,0
199,19,1
199,20,0
199,21,1
199,22,0
199,23,1
199,24,0
199,25,1
199,26,0
199,27,1
200,1,1
200,2,0
200,3,1
200,4,0
200,5,1
200,6,0
200,7,1
200,8,0
200,9,1
200,10,0
200,11,0
200,12,1
200,13,0
200,14,1
200,15,0
200,16,1
200,17,0
200,18,1
200,19,0
200,20,1
200,21,0
200,22,1
200,23,0
200,24,1
200,25,0
200,26,1
200,27,0
201,1,1
201,2,0
201,3,1
201,4,0
201,5,1
201,6,0
201,7,1
201,8,0
201,9,1
201,10,0
201,11,0
201,12,1
201,13,0
201,14,1
201,15,0
201,16,1
201,17,0
201,18,1
201,19,0
201,20,1
201,21,0
201,22,1
201,23,0
201,24,1
201,25,1
201,26,0
201,27,1
202,1,1
202,2,0
202,3,1
202,4,0
202,5,1
202,6,0
202,7,1
202,8,0
202,9,1
202,10,0
202,11,0
202,12,1
202,13,0
202,14,1
202,15,0
202,16,1
202,17,0
202,18,1
202,19,0
202,20,1
202,21,0
202,22,1
202,23,1
202,24,0
202,25,1
202,26,0
202,27,1
203,1,1
203,2,0
203,3,1
203,4,0
203,5,1
203,6,0
203,7,1
203,8,0
203,9,1
203,10,0
203,11,0
203,12,1
203,13,0
203,14,1
203,15,0
203,16,1
203,17,0
203,18,1
203,19,0
203,20,1
203,21,1
203,22,0
203,23,1
203,24,0
203,25,1
203,26,0
203,27,1
204,1,1
204,2,0
204,3,1
204,4,0
204,5,1
204,6,0
204,7,1
204,8,0
204,9,1
204,10,0
204,11,0
204,12,1
204,13,0
204,14,1
204,15,0
204,16,1
204,17,0
204,18,1
204,19,1
204,20,0
204,21,1
204,22,0
204,23,1
204,24,0
204,25,1
204,26,0
204,27,1
205,1,1
205,2,0
205,3,1
205,4,0
205,5,1
205,6,0
205,7,1
205,8,0
205,9,1
205,10,0
205,11,0
205,12,1
205,13,0
205,14,1
205,15,0
205,16,1
205,17,1
205,18,0
205,19,1
205,20,0
205,21,1
205,22,0
205,23,1
205,24,0
205,25,1
205,26,0
205,27,1
206,1,1
206,2,0
206,3,1
206,4,0
206,5,1
206,6,0
206,7,1
206,8,0
206,9,1
206,10,0
206,11,0
206,12,1
206,13,0
206,14,1
206,15,1
206,16,0
206,17,1
206,18,0
206,19,1
206,20,0
206,21,1
206,22,0
206,23,1
206,24,0
206,25,1
206,26,0
206,27,1
207,1,1
207,2,0
207,3,1
207,4,0
207,5,1
207,6,0
207,7,1
207,8,0
207,9,1
207,10,0
207,11,0
207,12,1
207,13,1
207,14,0
207,15,1
207,16,0
207,17,1
207,18,0
207,19,1
207,20,0
207,21,1
207,22,0
207,23,1
207,24,0
207,25,1
207,26,0
207,27,1
208,1,1
208,2,0
208,3,1
208,4,0
208,5,1
208,6,0
208,7,1
208,8,0
208,9,1
208,10,0
208,11,1
208,12,0
208,13,0
208,14,1
208,15,0
208,16,1
208,17,0
208,18,1
208,19,0
208,20,1
208,21,0
208,22,1
208,23,0
208,24,1
208,25,0
208,26,1
208,27,0
209,1,1
209,2,0
209,3,1
209,4,0
209,5,1
209,6,0
209,7,1
209,8,0
209,9,1
209,10,0
209,11,1
209,12,0
209,13,0
209,14,1
209,15,0
209,16,1
209,17,0
209,18,1
209,19,0
209,20,1
209,21,0
209,22,1
209,23,0
209,24,1
209,25,1
209,26,0
209,27,1
210,1,1
210,2,0
210,3,1
210,4,0
210,5,1
210,6,0
210,7,1
210,8,0
210,9,1
210,10,0
210,11,1
210,12,0
210,13,0
210,14,1
210,15,0
210,16,1
210,17,0
210,18,1
210,19,0
210,20,1
210,21,0
210,22,1
210,23,1
210,24,0
210,25,1
210,26,0
210,27,1
211,1,1
211,2,0
211,3,1
211,4,0
211,5,1
211,6,0
211,7,1
211,8,0
211,9,1
211,10,0
211,11,1
211,12,0
211,13,0
211,14,1
211,15,0
211,16,1
211,17,0
211,18,1
211,19,0
211,20,1
211,21,1
211,22,0
211,23,1
211,24,0
211,25,1
211,26,0
211,27,1
212,1,1
212,2,0
212,3,1
212,4,0
212,5,1
212,6,0
212,7,1
212,8,0
212,9,1
212,10,0
212,11,1
212,12,0
212,13,0
212,14,1
212,15,0
212,16,1
212,17,0
212,18,1
212,19,1
212,20,0
212,21,1
212,22,0
212,23,1
212,24,0
212,25,1
212,26,0
212,27,1
213,1,1
213,2,0
213,3,1
213,4,0
213,5,1
213,6,0
213,7,1
213,8,0
213,9,1
213,10,0
213,11,1
213,12,0
213,13,0
213,14,1
213,15,0
213,16,1
213,17,1
213,18,0
213,19,1
213,20,0
213,21,1
213,22,0
213,23,1
213,24,0
213,25,1
213,26,0
213,27,1
214,1,1
214,2,0
214,3,1
214,4,0
214,5,1
214,6,0
214,7,1
214,8,0
214,9,1
214,10,0
214,11,1
214,12,0
214,13,0
214,14,1
214,15,1
214,16,0
214,17,1
214,18,0
214,19,1
214,20,0
214,21,1
214,22,0
214,23,1
214,24,0
214,25,1
214,26,0
214,27,1
215,1,1
215,2,0
215,3,1
215,4,0
215,5,1
215,6,0
215,7,1
215,8,0
215,9,1
215,10,0
215,11,1
215,12,0
215,13,1
215,14,0
215,15,0
215,16,1
215,17,0
215,18,1
215,19,0
215,20,1
215,21,0
215,22,1
215,23,0
215,24,1
215,25,0
215,26,1
215,27,0
216,1,1
216,2,0
216,3,1
216,4,0
216,5,1
216,6,0
216,7,1
216,8,0
216,9,1
216,10,0
216,11,1
216,12,0
216,13,1
216,14,0
216,15,0
216,16,1
216,17,0
216,18,1
216,19,0
216,20,1
216,21,0
216,22,1
216,23,0
216,24,1
216,25,1
216,26,0
216,27,1
217,1,1
217,2,0
217,3,1
217,4,0
217,5,1
217,6,0
217,7,1
217,8,0
217,9,1
217,10,0
217,11,1
217,12,0
217,13,1
217,14,0
217,15,0
217,16,1
217,17,0
217,18,1
217,19,0
217,20,1
217,21,0
217,22,1
217,23,1
217,24,0
217,25,1
217,26,0
217,27,1
218,1,1
218,2,0
218,3,1
218,4,0
218,5,1
218,6,0
218,7,1
218,8,0
218,9,1
218,10,0
218,11,1
218,12,0
218,13,1
218,14,0
218,15,0
218,16,1
218,17,0
218,18,1
218,19,0
218,20,1
218,21,1
218,22,0
218,23,1
218,24,0
218,25,1
218,26,0
218,27,1
219,1,1
219,2,0
219,3,1
219,4,0
219,5,1
219,6,0
219,7,1
219,8,0
219,9,1
219,10,0
219,11,1
219,12,0
219,13,1
219,14,0
219,15,0
219,16,1
219,17,0
219,18,1
219,19,1
219,20,0
219,21,1
219,22,0
219,23,1
219,24,0
219,25,1
219,26,0
219,27,1
220,1,1
220,2,0
220,3,1
220,4,0
220,5,1
220,6,0
220,7,1
220,8,0
220,9,1
220,10,0
220,11,1
220,12,0
220,13,1
220,14,0
220,15,0
220,16,1
220,17,1
220,18,0
220,19,1
220,20,0
220,21,1
220,22,0
220,23,1
220,24,0
220,25,1
220,26,0
220,27,1
221,1,1
221,2,0
221,3,1
221,4,0
221,5,1
221,6,0
221,7,1
221,8,0
221,9,1
221,10,0
221,11,1
221,12,0
221,13,1
221,14,0
221,15,1
221,16,0
221,17,0
221,18,1
221,19,0
221,20,1
221,21,0
221,22,1
221,23,0
221,24,1
221,25,0
221,26,1
221,27,0
222,1,1
222,2,0
222,3,1
222,4,0
222,5,1
222,6,0
222,7,1
222,8,0
222,9,1
222,10,0
222,11,1
222,12,0
222,13,1
222,14,0
222,15,1
222,16,0
222,17,0
222,18,1
222,19,0
222,20,1
222,21,0
222,22,1
222,23,0
222,24,1
222,25,1
222,26,0
222,27,1
223,1,1
223,2,0
223,3,1
223,4,0
223,5,1
223,6,0
223,7,1
223,8,0
223,9,1
223,10,0
223,11,1
223,12,0
223,13,1
223,14,0
223,15,1
223,16,0
223,17,0
223,18,1
223,19,0
223,20,1
223,21,0
223,22,1
223,23,1
223,24,0
223,25,1
223,26,0
223,27,1
224,1,1
224,2,0
224,3,1
224,4,0
224,5,1
224,6,0
224,7,1
224,8,0
224,9,1
224,10,0
224,11,1
224,12,0
224,13,1
224,14,0
224,15,1
224,16,0
224,17,0
224,18,1
224,19,0
224,20,1
224,21,1
224,22,0
224,23,1
224,24,0
224,25,1
224,26,0
224,27,1
225,1,1
225,2,0
225,3,1
225,4,0
225,5,1
225,6,0
225,7,1
225,8,0
225,9,1
225,10,0
225,11,1
225,12,0
225,13,1
225,14,0
225,15,1
225,16,0
225,17,0
225,18,1
225,19,1
225,20,0
225,21,1
225,22,0
225,23,1
225,24,0
225,25,1
225,26,0
225,27,1
226,1,1
226,2,0
226,3,1
226,4,0
226,5,1
226,6,0
226,7,1
226,8,0
226,9,1
226,10,0
226,11,1
226,12,0
226,13,1
226,14,0
226,15,1
226,16,0
226,17,1
226,18,0
226,19,0
226,20,1
226,21,0
226,22,1
226,23,0
226,24,1
226,25,0
226,26,1
226,27,0
227,1,1
227,2,0
227,3,1
227,4,0
227,5,1
227,6,0
227,7,1
227,8,0
227,9,1
227,10,0
227,11,1
227,12,0
227,13,1
227,14,0
227,15,1
227,16,0
227,17,1
227,18,0
227,19,0
227,20,1
227,21,0
227,22,1
227,23,0
227,24,1
227,25,1
227,26,0
227,27,1
228,1,1
228,2,0
228,3,1
228,4,0
228,5,1
228,6,0
228,7,1
228,8,0
228,9,1
228,10,0
228,11,1
228,12,0
228,13,1
228,14,0
228,15,1
228,16,0
228,17,1
228,18,0
228,19,0
228,20,1
228,21,0
228,22,1
228,23,1
228,24,0
228,25,1
228,26,0
228,27,1
229,1,1
229,2,0
229,3,1
229,4,0
229,5,1
229,6,0
229,7,1
229,8,0
229,9,1
229,10,0
229,11,1
229,12,0
229,13,1
229,14,0
229,15,1
229,16,0
229,17,1
229,18,0
229,19,0
229,20,1
229,21,1
229,22,0
229,23,1
229,24,0
229,25,1
229,26,0
229,27,1
230,1,1
230,2,0
230,3,1
230,4,0
230,5,1
230,6,0
230,7,1
230,8,0
230,9,1
230,10,0
230,11,1
230,12,0
230,13,1
230,14,0
230,15,1
230,16,0
230,17,1
230,18,0
230,19,1
230,20,0
230,21,0
230,22,1
230,23,0
230,24,1
230,25,0
230,26,1
230,27,0
231,1,1
231,2,0
231,3,1
231,4,0
231,5,1
231,6,0
231,7,1
231,8,0
231,9,1
231,10,0
231,11,1
231,12,0
231,13,1
231,14,0
231,15,1
231,16,0
231,17,1
231,18,0
231,19,1
231,20,0
231,21,0
231,22,1
231,23,0
231,24,1
231,25,1
231,26,0
231,27,1
232,1,1
232,2,0
232,3,1
232,4,0
232,5,1
232,6,0
232,7,1
232,8,0
232,9,1
232,10,0
232,11,1
232,12,0
232,13,1
232,14,0
232,15,1
232,16,0
232,17,1
232,18,0
232,19,1
232,20,0
232,21,0
232,22,1
232,23,1
232,24,0
232,25,1
232,26,0
232,27,1
233,1,1
233,2,0
233,3,1
233,4,0
233,5,1
233,6,0
233,7,1
233,8,0
233,9,1
233,10,0
233,11,1
233,12,0
233,13,1
233,14,0
233,15,1
233,16,0
233,17,1
233,18,0
233,19,1
233,20,0
233,21,1
233,22,0
233,23,0
233,24,1
233,25,0
233,26,1
233,27,0
234,1,1
234,2,0
234,3,1
234,4,0
234,5,1
234,6,0
234,7,1
234,8,0
234,9,1
234,10,0
234,11,1
234,12,0
234,13,1
234,14,0
234,15,1
234,16,0
234,17,1
234,18,0
234,19,1
234,20,0
234,21,1
234,22,0
234,23,0
234,24,1
234,25,1
234,26,0
234,27,1
235,1,1
235,2,0
235,3,1
235,4,0
235,5,1
235,6,0
235,7,1
235,8,0
235,9,1
235,10,0
235,11,1
235,12,0
235,13,1
235,14,0
235,15,1
235,16,0
235,17,1
235,18,0
235,19,1
235,20,0
235,21,1
235,22,0
235,23,1
235,24,0
235,25,0
235,26,1
235,27,0
236,1,1
236,2,0
236,3,1
236,4,0
236,5,1
236,6,0
236,7,1
236,8,0
236,9,1
236,10,0
236,11,1
236,12,0
236,13,1
236,14,0
236,15,1
236,16,0
236,17,1
236,18,0
236,19,1
236,20,0
236,21,1
236,22,0
236,23,1
236,24,0
236,25,1
236,26,0
236,27,1
237,1,1
237,2,0
237,3,1
237,4,0
237,5,1
237,6,0
237,7,1
237,8,0
237,9,1
237,10,0
237,11,1
237,12,0
237,13,1
237,14,0
237,15,1
237,16,0
237,17,1
237,18,0
237,19,1
237,20,0
237,21,1
237,22,0
237,23,1
237,24,0
237,25,1
237,26,1
237,27,0
238,1,1
238,2,0
238,3,1
238,4,0
238,5,1
238,6,0
238,7,1
238,8,0
238,9,1
238,10,0
238,11,1
238,12,0
238,13,1
238,14,0
238,15,1
238,16,0
238,17,1
238,18,0
238,19,1
238,20,0
238,21,1
238,22,0
238,23,1
238,24,1
238,25,0
238,26,0
238,27,1
239,1,1
239,2,0
239,3,1
239,4,0
239,5,1
239,6,0
239,7,1
239,8,0
239,9,1
239,10,0
239,11,1
239,12,0
239,13,1
239,14,0
239,15,1
239,16,0
239,17,1
239,18,0
239,19,1
239,20,0
239,21,1
239,22,0
239,23,1
239,24,1
239,25,0
239,26,1
239,27,0
240,1,1
240,2,0
240,3,1
240,4,0
240,5,1
240,6,0
240,7,1
240,8,0
240,9,1
240,10,0
240,11,1
240,12,0
240,13,1
240,14,0
240,15,1
240,16,0
240,17,1
240,18,0
240,19,1
240,20,0
240,21,1
240,22,1
240,23,0
240,24,0
240,25,1
240,26,0
240,27,1
241,1,1
241,2,0
241,3,1
241,4,0
241,5,1
241,6,0
241,7,1
241,8,0
241,9,1
241,10,0
241,11,1
241,12,0
241,13,1
241,14,0
241,15,1
241,16,0
241,17,1
241,18,0
241,19,1
241,20,0
241,21,1
241,22,1
241,23,0
241,24,1
241,25,0
241,26,0
241,27,1
242,1,1
242,2,0
242,3,1
242,4,0
242,5,1
242,6,0
242,7,1
242,8,0
242,9,1
242,10,0
242,11,1
242,12,0
242,13,1
242,14,0
242,15,1
242,16,0
242,17,1
242,18,0
242,19,1
242,20,0
242,21,1
242,22,1
242,23,0
242,24,1
242,25,0
242,26,1
242,27,0
243,1,1
243,2,0
243,3,1
243,4,0
243,5,1
243,6,0
243,7,1
243,8,0
243,9,1
243,10,0
243,11,1
243,12,0
243,13,1
243,14,0
243,15,1
243,16,0
243,17,1
243,18,0
243,19,1
243,20,1
243,21,0
243,22,0
243,23,1
243,24,0
243,25,1
243,26,0
243,27,1
244,1,1
244,2,0
244,3,1
244,4,0
244,5,1
244,6,0
244,7,1
244,8,0
244,9,1
244,10,0
244,11,1
244,12,0
244,13,1
244,14,0
244,15,1
244,16,0
244,17,1
244,18,0
244,19,1
244,20,1
244,21,0
244,22,1
244,23,0
244,24,0
244,25,1
244,26,0
244,27,1
245,1,1
245,2,0
245,3,1
245,4,0
245,5,1
245,6,0
245,7,1
245,8,0
245,9,1
245,10,0
245,11,1
245,12,0
245,13,1
245,14,0
245,15,1
245,16,0
245,17,1
245,18,0
245,19,1
245,20,1
245,21,0
245,22,1
245,23,0
245,24,1
245,25,0
245,26,0
245,27,1
246,1,1
246,2,0
246,3,1
246,4,0
246,5,1
246,6,0
246,7,1
246,8,0
246,9,1
246,10,0
246,11,1
246,12,0
246,13,1
246,14,0
246,15,1
246,16,0
246,17,1
246,18,0
246,19,1
246,20,1
246,21,0
246,22,1
246,23,0
246,24,1
246,25,0
246,26,1
246,27,0
247,1,1
247,2,0
247,3,1
247,4,0
247,5,1
247,6,0
247,7,1
247,8,0
247,9,1
247,10,0
247,11,1
247,12,0
247,13,1
247,14,0
247,15,1
247,16,0
247,17,1
247,18,1
247,19,0
247,20,0
247,21,1
247,22,0
247,23,1
247,24,0
247,25,1
247,26,0
247,27,1
248,1,1
248,2,0
248,3,1
248,4,0
248,5,1
248,6,0
248,7,1
248,8,0
248,9,1
248,10,0
248,11,1
248,12,0
248,13,1
248,14,0
248,15,1
248,16,0
248,17,1
248,18,1
248,19,0
248,20,1
248,21,0
248,22,0
248,23,1
248,24,0
248,25,1
248,26,0
248,27,1
249,1,1
249,2,0
249,3,1
249,4,0
249,5,1
249,6,0
249,7,1
249,8,0
249,9,1
249,10,0
249,11,1
249,12,0
249,13,1
249,14,0
249,15,1
249,16,0
249,17,1
249,18,1
249,19,0
249,20,1
249,21,0
249,22,1
249,23,0
249,24,0
249,25,1
249,26,0
249,27,1
250,1,1
250,2,0
250,3,1
250,4,0
250,5,1
250,6,0
250,7,1
250,8,0
250,9,1
250,10,0
250,11,1
250,12,0
250,13,1
250,14,0
250,15,1
250,16,0
250,17,1
250,18,1
250,19,0
250,20,1
250,21,0
250,22,1
250,23,0
250,24,1
250,25,0
250,26,0
250,27,1
251,1,1
251,2,0
251,3,1
251,4,0
251,5,1
251,6,0
251,7,1
251,8,0
251,9,1
251,10,0
251,11,1
251,12,0
251,13,1
251,14,0
251,15,1
251,16,0
251,17,1
251,18,1
251,19,0
251,20,1
251,21,0
251,22,1
251,23,0
251,24,1
251,25,0
251,26,1
251,27,0
252,1,1
252,2,0
252,3,1
252,4,0
252,5,1
252,6,0
252,7,1
252,8,0
252,9,1
252,10,0
252,11,1
252,12,0
252,13,1
252,14,0
252,15,1
252,16,1
252,17,0
252,18,0
252,19,1
252,20,0
252,21,1
252,22,0
252,23,1
252,24,0
252,25,1
252,26,0
252,27,1
253,1,1
253,2,0
253,3,1
253,4,0
253,5,1
253,6,0
253,7,1
253,8,0
253,9,1
253,10,0
253,11,1
253,12,0
253,13,1
253,14,0
253,15,1
253,16,1
253,17,0
253,18,1
253,19,0
253,20,0
253,21,1
253,22,0
253,23,1
253,24,0
253,25,1
253,26,0
253,27,1
254,1,1
254,2,0
254,3,1
254,4,0
254,5,1
254,6,0
254,7,1
254,8,0
254,9,1
254,10,0
254,11,1
254,12,0
254,13,1
254,14,0
254,15,1
254,16,1
254,17,0
254,18,1
254,19,0
254,20,1
254,21,0
254,22,0
254,23,1
254,24,0
254,25,1
254,26,0
254,27,1
255,1,1
255,2,0
255,3,1
255,4,0
255,5,1
255,6,0
255,7,1
255,8,0
255,9,1
255,10,0
255,11,1
255,12,0
255,13,1
255,14,0
255,15,1
255,16,1
255,17,0
255,18,1
255,19,0
255,20,1
255,21,0
255,22,1
255,23,0
255,24,0
255,25,1
255,26,0
255,27,1
256,1,1
256,2,0
256,3,1
256,4,0
256,5,1
256,6,0
256,7,1
256,8,0
256,9,1
256,10,0
256,11,1
256,12,0
256,13,1
256,14,0
256,15,1
256,16,1
256,17,0
256,18,1
256,19,0
256,20,1
256,21,0
256,22,1
256,23,0
256,24,1
256,25,0
256,26,0
256,27,1
257,1,1
257,2,0
257,3,1
257,4,0
257,5,1
257,6,0
257,7,1
257,8,0
257,9,1
257,10,0
257,11,1
257,12,0
257,13,1
257,14,0
257,15,1
257,16,1
257,17,0
257,18,1
257,19,0
257,20,1
257,21,0
257,22,1
257,23,0
257,24,1
257,25,0
257,26,1
257,27,0
258,1,1
258,2,0
258,3,1
258,4,0
258,5,1
258,6,0
258,7,1
258,8,0
258,9,1
258,10,0
258,11,1
258,12,0
258,13,1
258,14,1
258,15,0
258,16,0
258,17,1
258,18,0
258,19,1
258,20,0
258,21,1
258,22,0
258,23,1
258,24,0
258,25,1
258,26,0
258,27,1
259,1,1
259,2,0
259,3,1
259,4,0
259,5,1
259,6,0
259,7,1
259,8,0
259,9,1
259,10,0
259,11,1
259,12,0
259,13,1
259,14,1
259,15,0
259,16,1
259,17,0
259,18,0
259,19,1
259,20,0
259,21,1
259,22,0
259,23,1
259,24,0
259,25,1
259,26,0
259,27,1
260,1,1
260,2,0
260,3,1
260,4,0
260,5,1
260,6,0
260,7,1
260,8,0
260,9,1
260,10,0
260,11,1
260,12,0
260,13,1
260,14,1
260,15,0
260,16,1
260,17,0
260,18,1
260,19,0
260,20,0
260,21,1
260,22,0
260,23,1
260,24,0
260,25,1
260,26,0
260,27,1
261,1,1
261,2,0
261,3,1
261,4,0
261,5,1
261,6,0
261,7,1
261,8,0
261,9,1
261,10,0
261,11,1
261,12,0
261,13,1
261,14,1
261,15,0
261,16,1
261,17,0
261,18,1
261,19,0
261,20,1
261,21,0
261,22,0
261,23,1
261,24,0
261,25,1
261,26,0
261,27,1
262,1,1
262,2,0
262,3,1
262,4,0
262,5,1
262,6,0
262,7,1
262,8,0
262,9,1
262,10,0
262,11,1
262,12,0
262,13,1
262,14,1
262,15,0
262,16,1
262,17,0
262,18,1
262,19,0
262,20,1
262,21,0
262,22,1
262,23,0
262,24,0
262,25,1
262,26,0
262,27,1
263,1,1
263,2,0
263,3,1
263,4,0
263,5,1
263,6,0
263,7,1
263,8,0
263,9,1
263,10,0
263,11,1
263,12,0
263,13,1
263,14,1
263,15,0
263,16,1
263,17,0
263,18,1
263,19,0
263,20,1
263,21,0
263,22,1
263,23,0
263,24,1
263,25,0
263,26,0
263,27,1
264,1,1
264,2,0
264,3,1
264,4,0
264,5,1
264,6,0
264,7,1
264,8,0
264,9,1
264,10,0
264,11,1
264,12,0
264,13,1
264,14,1
264,15,0
264,16,1
264,17,0
264,18,1
264,19,0
264,20,1
264,21,0
264,22,1
264,23,0
264,24,1
264,25,0
264,26,1
264,27,0
265,1,1
265,2,0
265,3,1
265,4,0
265,5,1
265,6,0
265,7,1
265,8,0
265,9,1
265,10,0
265,11,1
265,12,1
265,13,0
265,14,0
265,15,1
265,16,0
265,17,1
265,18,0
265,19,1
265,20,0
265,21,1
265,22,0
265,23,1
265,24,0
265,25,1
265,26,0
265,27,1
266,1,1
266,2,0
266,3,1
266,4,0
266,5,1
266,6,0
266,7,1
266,8,0
266,9,1
266,10,0
266,11,1
266,12,1
266,13,0
266,14,1
266,15,0
266,16,0
266,17,1
266,18,0
266,19,1
266,20,0
266,21,1
266,22,0
266,23,1
266,24,0
266,25,1
266,26,0
266,27,1
267,1,1
267,2,0
267,3,1
267,4,0
267,5,1
267,6,0
267,7,1
267,8,0
267,9,1
267,10,0
267,11,1
267,12,1
267,13,0
267,14,1
267,15,0
267,16,1
267,17,0
267,18,0
267,19,1
267,20,0
267,21,1
267,22,0
267,23,1
267,24,0
267,25,1
267,26,0
267,27,1
268,1,1
268,2,0
268,3,1
268,4,0
268,5,1
268,6,0
268,7,1
268,8,0
268,9,1
268,10,0
268,11,1
268,12,1
268,13,0
268,14,1
268,15,0
268,16,1
268,17,0
268,18,1
268,19,0
268,20,0
268,21,1
268,22,0
268,23,1
268,24,0
268,25,1
268,26,0
268,27,1
269,1,1
269,2,0
269,3,1
269,4,0
269,5,1
269,6,0
269,7,1
269,8,0
269,9,1
269,10,0
269,11,1
269,12,1
269,13,0
269,14,1
269,15,0
269,16,1
269,17,0
269,18,1
269,19,0
269,20,1
269,21,0
269,22,0
269,23,1
269,24,0
269,25,1
269,26,0
269,27,1
270,1,1
270,2,0
270,3,1
270,4,0
270,5,1
270,6,0
270,7,1
270,8,0
270,9,1
270,10,0
270,11,1
270,12,1
270,13,0
270,14,1
270,15,0
270,16,1
270,17,0
270,18,1
270,19,0
270,20,1
270,21,0
270,22,1
270,23,0
270,24,0
270,25,1
270,26,0
270,27,1
271,1,1
271,2,0
271,3,1
271,4,0
271,5,1
271,6,0
271,7,1
271,8,0
271,9,1
271,10,0
271,11,1
271,12,1
271,13,0
271,14,1
271,15,0
271,16,1
271,17,0
271,18,1
271,19,0
271,20,1
271,21,0
271,22,1
271,23,0
271,24,1
271,25,0
271,26,0
271,27,1
272,1,1
272,2,0
272,3,1
272,4,0
272,5,1
272,6,0
272,7,1
272,8,0
272,9,1
272,10,0
272,11,1
272,12,1
272,13,0
272,14,1
272,15,0
272,16,1
272,17,0
272,18,1
272,19,0
272,20,1
272,21,0
272,22,1
272,23,0
272,24,1
272,25,0
272,26,1
272,27,0
273,1,1
273,2,0
273,3,1
273,4,0
273,5,1
273,6,0
273,7,1
273,8,0
273,9,1
273,10,1
273,11,0
273,12,0
273,13,1
273,14,0
273,15,1
273,16,0
273,17,1
273,18,0
273,19,1
273,20,0
273,21,1
273,22,0
273,23,1
273,24,0
273,25,1
273,26,0
273,27,1
274,1,1
274,2,0
274,3,1
274,4,0
274,5,1
274,6,0
274,7,1
274,8,0
274,9,1
274,10,1
274,11,0
274,12,1
274,13,0
274,14,0
274,15,1
274,16,0
274,17,1
274,18,0
274,19,1
274,20,0
274,21,1
274,22,0
274,23,1
274,24,0
274,25,1
274,26,0
274,27,1
275,1,1
275,2,0
275,3,1
275,4,0
275,5,1
275,6,0
275,7,1
275,8,0
275,9,1
275,10,1
275,11,0
275,12,1
275,13,0
275,14,1
275,15,0
275,16,0
275,17,1
275,18,0
275,19,1
275,20,0
275,21,1
275,22,0
275,23,1
275,24,0
275,25,1
275,26,0
275,27,1
276,1,1
276,2,0
276,3,1
276,4,0
276,5,1
276,6,0
276,7,1
276,8,0
276,9,1
276,10,1
276,11,0
276,12,1
276,13,0
276,14,1
276,15,0
276,16,1
276,17,0
276,18,0
276,19,1
276,20,0
276,21,1
276,22,0
276,23,1
276,24,0
276,25,1
276,26,0
276,27,1
277,1,1
277,2,0
277,3,1
277,4,0
277,5,1
277,6,0
277,7,1
277,8,0
277,9,1
277,10,1
277,11,0
277,12,1
277,13,0
277,14,1
277,15,0
277,16,1
277,17,0
277,18,1
277,19,0
277,20,0
277,21,1
277,22,0
277,23,1
277,24,0
277,25,1
277,26,0
277,27,1
278,1,1
278,2,0
278,3,1
278,4,0
278,5,1
278,6,0
278,7,1
278,8,0
278,9,1
278,10,1
278,11,0
278,12,1
278,13,0
278,14,1
278,15,0
278,16,1
278,17,0
278,18,1
278,19,0
278,20,1
278,21,0
278,22,0
278,23,1
278,24,0
278,25,1
278,26,0
278,27,1
279,1,1
279,2,0
279,3,1
279,4,0
279,5,1
279,6,0
279,7,1
279,8,0
279,9,1
279,10,1
279,11,0
279,12,1
279,13,0
279,14,1
279,15,0
279,16,1
279,17,0
279,18,1
279,19,0
279,20,1
279,21,0
279,22,1
279,23,0
279,24,0
279,25,1
279,26,0
279,27,1
280,1,1
280,2,0
280,3,1
280,4,0
280,5,1
280,6,0
280,7,1
280,8,0
280,9,1
280,10,1
280,11,0
280,12,1
280,13,0
280,14,1
280,15,0
280,16,1
280,17,0
280,18,1
280,19,0
280,20,1
280,21,0
280,22,1
280,23,0
280,24,1
280,25,0
280,26,0
280,27,1
281,1,1
281,2,0
281,3,1
281,4,0
281,5,1
281,6,0
281,7,1
281,8,0
281,9,1
281,10,1
281,11,0
281,12,1
281,13,0
281,14,1
281,15,0
281,16,1
281,17,0
281,18,1
281,19,0
281,20,1
281,21,0
281,22,1
281,23,0
281,24,1
281,25,0
281,26,1
281,27,0
282,1,1
282,2,0
282,3,1
282,4,0
282,5,1
282,6,0
282,7,1
282,8,1
282,9,0
282,10,0
282,11,1
282,12,0
282,13,1
282,14,0
282,15,1
282,16,0
282,17,1
282,18,0
282,19,1
282,20,0
282,21,1
282,22,0
282,23,1
282,24,0
282,25,1
282,26,0
282,27,1
283,1,1
283,2,0
283,3,1
283,4,0
283,5,1
283,6,0
283,7,1
283,8,1
283,9,0
283,10,1
283,11,0
283,12,0
283,13,1
283,14,0
283,15,1
283,16,0
283,17,1
283,18,0
283,19,1
283,20,0
283,21,1
283,22,0
283,23,1
283,24,0
283,25,1
283,26,0
283,27,1
284,1,1
284,2,0
284,3,1
284,4,0
284,5,1
284,6,0
284,7,1
284,8,1
284,9,0
284,10,1
284,11,0
284,12,1
284,13,0
284,14,0
284,15,1
284,16,0
284,17,1
284,18,0
284,19,1
284,20,0
284,21,1
284,22,0
284,23,1
284,24,0
284,25,1
284,26,0
284,27,1
285,1,1
285,2,0
285,3,1
285,4,0
285,5,1
285,6,0
285,7,1
285,8,1
285,9,0
285,10,1
285,11,0
285,12,1
285,13,0
285,14,1
285,15,0
285,16,0
285,17,1
285,18,0
285,19,1
285,20,0
285,21,1
285,22,0
285,23,1
285,24,0
285,25,1
285,26,0
285,27,1
286,1,1
286,2,0
286,3,1
286,4,0
286,5,1
286,6,0
286,7,1
286,8,1
286,9,0
286,10,1
286,11,0
286,12,1
286,13,0
286,14,1
286,15,0
286,16,1
286,17,0
286,18,0
286,19,1
286,20,0
286,21,1
286,22,0
286,23,1
286,24,0
286,25,1
286,26,0
286,27,1
287,1,1
287,2,0
287,3,1
287,4,0
287,5,1
287,6,0
287,7,1
287,8,1
287,9,0
287,10,1
287,11,0
287,12,1
287,13,0
287,14,1
287,15,0
287,16,1
287,17,0
287,18,1
287,19,0
287,20,0
287,21,1
287,22,0
287,23,1
287,24,0
287,25,1
287,26,0
287,27,1
288,1,1
288,2,0
288,3,1
288,4,0
288,5,1
288,6,0
288,7,1
288,8,1
288,9,0
288,10,1
288,11,0
288,12,1
288,13,0
288,14,1
288,15,0
288,16,1
288,17,0
288,18,1
288,19,0
288,20,1
288,21,0
288,22,0
288,23,1
288,24,0
288,25,1
288,26,0
288,27,1
289,1,1
289,2,0
289,3,1
289,4,0
289,5,1
289,6,0
289,7,1
289,8,1
289,9,0
289,10,1
289,11,0
289,12,1
289,13,0
289,14,1
289,15,0
289,16,1
289,17,0
289,18,1
289,19,0
289,20,1
289,21,0
289,22,1
289,23,0
289,24,0
289,25,1
289,26,0
289,27,1
290,1,1
290,2,0
290,3,1
290,4,0
290,5,1
290,6,0
290,7,1
290,8,1
290,9,0
290,10,1
290,11,0
290,12,1
290,13,0
290,14,1
290,15,0
290,16,1
290,17,0
290,18,1
290,19,0
290,20,1
290,21,0
290,22,1
290,23,0
290,24,1
290,25,0
290,26,0
290,27,1
291,1,1
291,2,0
291,3,1
291,4,0
291,5,1
291,6,0
291,7,1
291,8,1
291,9,0
291,10,1
291,11,0
291,12,1
291,13,0
291,14,1
291,15,0
291,16,1
291,17,0
291,18,1
291,19,0
291,20,1
291,21,0
291,22,1
291,23,0
291,24,1
291,25,0
291,26,1
291,27,0
292,1,1
292,2,0
292,3,1
292,4,0
292,5,1
292,6,1
292,7,0
292,8,0
292,9,1
292,10,0
292,11,1
292,12,0
292,13,1
292,14,0
292,15,1
292,16,0
292,17,1
292,18,0
292,19,1
292,20,0
292,21,1
292,22,0
292,23,1
292,24,0
292,25,1
292,26,0
292,27,1
293,1,1
293,2,0
293,3,1
293,4,0
293,5,1
293,6,1
293,7,0
293,8,1
293,9,0
293,10,0
293,11,1
293,12,0
293,13,1
293,14,0
293,15,1
293,16,0
293,17,1
293,18,0
293,19,1
293,20,0
293,21,1
293,22,0
293,23,1
293,24,0
293,25,1
293,26,0
293,27,1
294,1,1
294,2,0
294,3,1
294,4,0
294,5,1
294,6,1
294,7,0
294,8,1
294,9,0
294,10,1
294,11,0
294,12,0
294,13,1
294,14,0
294,15,1
294,16,0
294,17,1
294,18,0
294,19,1
294,20,0
294,21,1
294,22,0
294,23,1
294,24,0
294,25,1
294,26,0
294,27,1
295,1,1
295,2,0
295,3,1
295,4,0
295,5,1
295,6,1
295,7,0
295,8,1
295,9,0
295,10,1
295,11,0
295,12,1
295,13,0
295,14,0
295,15,1
295,16,0
295,17,1
295,18,0
295,19,1
295,20,0
295,21,1
295,22,0
295,23,1
295,24,0
295,25,1
295,26,0
295,27,1
296,1,1
296,2,0
296,3,1
296,4,0
296,5,1
296,6,1
296,7,0
296,8,1
296,9,0
296,10,1
296,11,0
296,12,1
296,13,0
296,14,1
296,15,0
296,16,0
296,17,1
296,18,0
296,19,1
296,20,0
296,21,1
296,22,0
296,23,1
296,24,0
296,25,1
296,26,0
296,27,1
297,1,1
297,2,0
297,3,1
297,4,0
297,5,1
297,6,1
297,7,0
297,8,1
297,9,0
297,10,1
297,11,0
297,12,1
297,13,0
297,14,1
297,15,0
297,16,1
297,17,0
297,18,0
297,19,1
297,20,0
297,21,1
297,22,0
297,23,1
297,24,0
297,25,1
297,26,0
297,27,1
298,1,1
298,2,0
298,3,1
298,4,0
298,5,1
298,6,1
298,7,0
298,8,1
298,9,0
298,10,1
298,11,0
298,12,1
298,13,0
298,14,1
298,15,0
298,16,1
298,17,0
298,18,1
298,19,0
298,20,0
298,21,1
298,22,0
298,23,1
298,24,0
298,25,1
298,26,0
298,27,1
299,1,1
299,2,0
299,3,1
299,4,0
299,5,1
299,6,1
299,7,0
299,8,1
299,9,0
299,10,1
299,11,0
299,12,1
299,13,0
299,14,1
299,15,0
299,16,1
299,17,0
299,18,1
299,19,0
299,20,1
299,21,0
299,22,0
299,23,1
299,24,0
299,25,1
299,26,0
299,27,1
300,1,1
300,2,0
300,3,1
300,4,0
300,5,1
300,6,1
300,7,0
300,8,1
300,9,0
300,10,1
300,11,0
300,12,1
300,13,0
300,14,1
300,15,0
300,16,1
300,17,0
300,18,1
300,19,0
300,20,1
300,21,0
300,22,1
300,23,0
300,24,0
300,25,1
300,26,0
300,27,1
301,1,1
301,2,0
301,3,1
301,4,0
301,5,1
301,6,1
301,7,0
301,8,1
301,9,0
301,10,1
301,11,0
301,12,1
301,13,0
301,14,1
301,15,0
301,16,1
301,17,0
301,18,1
301,19,0
301,20,1
301,21,0
301,22,1
301,23,0
301,24,1
301,25,0
301,26,0
301,27,1
302,1,1
302,2,0
302,3,1
302,4,0
302,5,1
302,6,1
302,7,0
302,8,1
302,9,0
302,10,1
302,11,0
302,12,1
302,13,0
302,14,1
302,15,0
302,16,1
302,17,0
302,18,1
302,19,0
302,20,1
302,21,0
302,22,1
302,23,0
302,24,1
302,25,0
302,26,1
302,27,0
303,1,1
303,2,0
303,3,1
303,4,1
303,5,0
303,6,0
303,7,1
303,8,0
303,9,1
303,10,0
303,11,1
303,12,0
303,13,1
303,14,0
303,15,1
303,16,0
303,17,1
303,18,0
303,19,1
303,20,0
303,21,1
303,22,0
303,23,1
303,24,0
303,25,1
303,26,0
303,27,1
304,1,1
304,2,0
304,3,1
304,4,1
304,5,0
304,6,1
304,7,0
304,8,0
304,9,1
304,10,0
304,11,1
304,12,0
304,13,1
304,14,0
304,15,1
304,16,0
304,17,1
304,18,0
304,19,1
304,20,0
304,21,1
304,22,0
304,23,1
304,24,0
304,25,1
304,26,0
304,27,1
305,1,1
305,2,0
305,3,1
305,4,1
305,5,0
305,6,1
305,7,0
305,8,1
305,9,0
305,10,0
305,11,1
305,12,0
305,13,1
305,14,0
305,15,1
305,16,0
305,17,1
305,18,0
305,19,1
305,20,0
305,21,1
305,22,0
305,23,1
305,24,0
305,25,1
305,26,0
305,27,1
306,1,1
306,2,0
306,3,1
306,4,1
306,5,0
306,6,1
306,7,0
306,8,1
306,9,0
306,10,1
306,11,0
306,12,0
306,13,1
306,14,0
306,15,1
306,16,0
306,17,1
306,18,0
306,19,1
306,20,0
306,21,1
306,22,0
306,23,1
306,24,0
306,25,1
306,26,0
306,27,1
307,1,1
307,2,0
307,3,1
307,4,1
307,5,0
307,6,1
307,7,0
307,8,1
307,9,0
307,10,1
307,11,0
307,12,1
307,13,0
307,14,0
307,15,1
307,16,0
307,17,1
307,18,0
307,19,1
307,20,0
307,21,1
307,22,0
307,23,1
307,24,0
307,25,1
307,26,0
307,27,1
308,1,1
308,2,0
308,3,1
308,4,1
308,5,0
308,6,1
308,7,0
308,8,1
308,9,0
308,10,1
308,11,0
308,12,1
308,13,0
308,14,1
308,15,0
308,16,0
308,17,1
308,18,0
308,19,1
308,20,0
308,21,1
308,22,0
308,23,1
308,24,0
308,25,1
308,26,0
308,27,1
309,1,1
309,2,0
309,3,1
309,4,1
309,5,0
309,6,1
309,7,0
309,8,1
309,9,0
309,10,1
309,11,0
309,12,1
309,13,0
309,14,1
309,15,0
309,16,1
309,17,0
309,18,0
309,19,1
309,20,0
309,21,1
309,22,0
309,23,1
309,24,0
309,25,1
309,26,0
309,27,1
310,1,1
310,2,0
310,3,1
310,4,1
310,5,0
310,6,1
310,7,0
310,8,1
310,9,0
310,10,1
310,11,0
310,12,1
310,13,0
310,14,1
310,15,0
310,16,1
310,17,0
310,18,1
310,19,0
310,20,0
310,21,1
310,22,0
310,23,1
310,24,0
310,25,1
310,26,0
310,27,1
311,1,1
311,2,0
311,3,1
311,4,1
311,5,0
311,6,1
311,7,0
311,8,1
311,9,0
311,10,1
311,11,0
311,12,1
311,13,0
311,14,1
311,15,0
311,16,1
311,17,0
311,18,1
311,19,0
311,20,1
311,21,0
311,22,0
311,23,1
311,24,0
311,25,1
311,26,0
311,27,1
312,1,1
312,2,0
312,3,1
312,4,1
312,5,0
312,6,1
312,7,0
312,8,1
312,9,0
312,10,1
312,11,0
312,12,1
312,13,0
312,14,1
312,15,0
312,16,1
312,17,0
312,18,1
312,19,0
312,20,1
312,21,0
312,22,1
312,23,0
312,24,0
312,25,1
312,26,0
312,27,1
313,1,1
313,2,0
313,3,1
313,4,1
313,5,0
313,6,1
313,7,0
313,8,1
313,9,0
313,10,1
313,11,0
313,12,1
313,13,0
313,14,1
313,15,0
313,16,1
313,17,0
313,18,1
313,19,0
313,20,1
313,21,0
313,22,1
313,23,0
313,24,1
313,25,0
313,26,0
313,27,1
314,1,1
314,2,0
314,3,1
314,4,1
314,5,0
314,6,1
314,7,0
314,8,1
314,9,0
314,10,1
314,11,0
314,12,1
314,13,0
314,14,1
314,15,0
314,16,1
314,17,0
314,18,1
314,19,0
314,20,1
314,21,0
314,22,1
314,23,0
314,24,1
314,25,0
314,26,1
314,27,0
