1,1,0
1,2,1
1,3,0
1,4,0
1,5,1
1,6,0
1,7,1
1,8,0
1,9,1
1,10,0
1,11,1
1,12,0
1,13,1
1,14,0
1,15,1
1,16,0
1,17,1
1,18,0
1,19,1
1,20,0
1,21,1
1,22,0
1,23,1
2,1,0
2,2,1
2,3,0
2,4,0
2,5,1
2,6,0
2,7,1
2,8,0
2,9,1
2,10,0
2,11,1
2,12,0
2,13,1
2,14,0
2,15,1
2,16,0
2,17,1
2,18,0
2,19,1
2,20,0
2,21,1
2,22,1
2,23,0
3,1,0
3,2,1
3,3,0
3,4,0
3,5,1
3,6,0
3,7,1
3,8,0
3,9,1
3,10,0
3,11,1
3,12,0
3,13,1
3,14,0
3,15,1
3,16,0
3,17,1
3,18,0
3,19,1
3,20,1
3,21,0
3,22,1
3,23,0
4,1,0
4,2,1
4,3,0
4,4,0
4,5,1
4,6,0
4,7,1
4,8,0
4,9,1
4,10,0
4,11,1
4,12,0
4,13,1
4,14,0
4,15,1
4,16,0
4,17,1
4,18,1
4,19,0
4,20,1
4,21,0
4,22,1
4,23,0
5,1,0
5,2,1
5,3,0
5,4,0
5,5,1
5,6,0
5,7,1
5,8,0
5,9,1
5,10,0
5,11,1
5,12,0
5,13,1
5,14,0
5,15,1
5,16,1
5,17,0
5,18,1
5,19,0
5,20,1
5,21,0
5,22,1
5,23,0
6,1,0
6,2,1
6,3,0
6,4,0
6,5,1
6,6,0
6,7,1
6,8,0
6,9,1
6,10,0
6,11,1
6,12,0
6,13,1
6,14,1
6,15,0
6,16,1
6,17,0
6,18,1
6,19,0
6,20,1
6,21,0
6,22,1
6,23,0
7,1,0
7,2,1
7,3,0
7,4,0
7,5,1
7,6,0
7,7,1
7,8,0
7,9,1
7,10,0
7,11,1
7,12,1
7,13,0
7,14,1
7,15,0
7,16,1
7,17,0
7,18,1
7,19,0
7,20,1
7,21,0
7,22,1
7,23,0
8,1,0
8,2,1
8,3,0
8,4,0
8,5,1
8,6,0
8,7,1
8,8,0
8,9,1
8,10,1
8,11,0
8,12,1
8,13,0
8,14,1
8,15,0
8,16,1
8,17,0
8,18,1
8,19,0
8,20,1
8,21,0
8,22,1
8,23,0
9,1,0
9,2,1
9,3,0
9,4,0
9,5,1
9,6,0
9,7,1
9,8,1
9,9,0
9,10,1
9,11,0
9,12,1
9,13,0
9,14,1
9,15,0
9,16,1
9,17,0
9,18,1
9,19,0
9,20,1
9,21,0
9,22,1
9,23,0
10,1,0
10,2,1
10,3,0
10,4,0
10,5,1
10,6,1
10,7,0
10,8,1
10,9,0
10,10,1
10,11,0
10,12,1
10,13,0
10,14,1
10,15,0
10,16,1
10,17,0
10,18,1
10,19,0
10,20,1
10,21,0
10,22,1
10,23,0
11,1,0
11,2,1
11,3,0
11,4,1
11,5,0
11,6,0
11,7,1
11,8,0
11,9,1
11,10,0
11,11,1
11,12,0
11,13,1
11,14,0
11,15,1
11,16,0
11,17,1
11,18,0
11,19,1
11,20,0
11,21,1
11,22,0
11,23,1
12,1,0
12,2,1
12,3,0
12,4,1
12,5,0
12,6,0
12,7,1
12,8,0
12,9,1
12,10,0
12,11,1
12,12,0
12,13,1
12,14,0
12,15,1
12,16,0
12,17,1
12,18,0
12,19,1
12,20,0
12,21,1
12,22,1
12,23,0
13,1,0
13,2,1
13,3,0
13,4,1
13,5,0
13,6,0
13,7,1
13,8,0
13,9,1
13,10,0
13,11,1
13,12,0
13,13,1
13,14,0
13,15,1
13,16,0
13,17,1
13,18,0
13,19,1
13,20,1
13,21,0
13,22,1
13,23,0
14,1,0
14,2,1
14,3,0
14,4,1
14,5,0
14,6,0
14,7,1
14,8,0
14,9,1
14,10,0
14,11,1
14,12,0
14,13,1
14,14,0
14,15,1
14,16,0
14,17,1
14,18,1
14,19,0
14,20,1
14,21,0
14,22,1
14,23,0
15,1,0
15,2,1
15,3,0
15,4,1
15,5,0
15,6,0
15,7,1
15,8,0
15,9,1
15,10,0
15,11,1
15,12,0
15,13,1
15,14,0
15,15,1
15,16,1
15,17,0
15,18,1
15,19,0
15,20,1
15,21,0
15,22,1
15,23,0
16,1,0
16,2,1
16,3,0
16,4,1
16,5,0
16,6,0
16,7,1
16,8,0
16,9,1
16,10,0
16,11,1
16,12,0
16,13,1
16,14,1
16,15,0
16,16,1
16,17,0
16,18,1
16,19,0
16,20,1
16,21,0
16,22,1
16,23,0
17,1,0
17,2,1
17,3,0
17,4,1
17,5,0
17,6,0
17,7,1
17,8,0
17,9,1
17,10,0
17,11,1
17,12,1
17,13,0
17,14,1
17,15,0
17,16,1
17,17,0
17,18,1
17,19,0
17,20,1
17,21,0
17,22,1
17,23,0
18,1,0
18,2,1
18,3,0
18,4,1
18,5,0
18,6,0
18,7,1
18,8,0
18,9,1
18,10,1
18,11,0
18,12,1
18,13,0
18,14,1
18,15,0
18,16,1
18,17,0
18,18,1
18,19,0
18,20,1
18,21,0
18,22,1
18,23,0
19,1,0
19,2,1
19,3,0
19,4,1
19,5,0
19,6,0
19,7,1
19,8,1
19,9,0
19,10,1
19,11,0
19,12,1
19,13,0
19,14,1
19,15,0
19,16,1
19,17,0
19,18,1
19,19,0
19,20,1
19,21,0
19,22,1
19,23,0
20,1,0
20,2,1
20,3,0
20,4,1
20,5,0
20,6,1
20,7,0
20,8,0
20,9,1
20,10,0
20,11,1
20,12,0
20,13,1
20,14,0
20,15,1
20,16,0
20,17,1
20,18,0
20,19,1
20,20,0
20,21,1
20,22,0
20,23,1
21,1,0
21,2,1
21,3,0
21,4,1
21,5,0
21,6,1
21,7,0
21,8,0
21,9,1
21,10,0
21,11,1
21,12,0
21,13,1
21,14,0
21,15,1
21,16,0
21,17,1
21,18,0
21,19,1
21,20,0
21,21,1
21,22,1
21,23,0
22,1,0
22,2,1
22,3,0
22,4,1
22,5,0
22,6,1
22,7,0
22,8,0
22,9,1
22,10,0
22,11,1
22,12,0
22,13,1
22,14,0
22,15,1
22,16,0
22,17,1
22,18,0
22,19,1
22,20,1
22,21,0
22,22,1
22,23,0
23,1,0
23,2,1
23,3,0
23,4,1
23,5,0
23,6,1
23,7,0
23,8,0
23,9,1
23,10,0
23,11,1
23,12,0
23,13,1
23,14,0
23,15,1
23,16,0
23,17,1
23,18,1
23,19,0
23,20,1
23,21,0
23,22,1
23,23,0
24,1,0
24,2,1
24,3,0
24,4,1
24,5,0
24,6,1
24,7,0
24,8,0
24,9,1
24,10,0
24,11,1
24,12,0
24,13,1
24,14,0
24,15,1
24,16,1
24,17,0
24,18,1
24,19,0
24,20,1
24,21,0
24,22,1
24,23,0
25,1,0
25,2,1
25,3,0
25,4,1
25,5,0
25,6,1
25,7,0
25,8,0
25,9,1
25,10,0
25,11,1
25,12,0
25,13,1
25,14,1
25,15,0
25,16,1
25,17,0
25,18,1
25,19,0
25,20,1
25,21,0
25,22,1
25,23,0
26,1,0
26,2,1
26,3,0
26,4,1
26,5,0
26,6,1
26,7,0
26,8,0
26,9,1
26,10,0
26,11,1
26,12,1
26,13,0
26,14,1
26,15,0
26,16,1
26,17,0
26,18,1
26,19,0
26,20,1
26,21,0
26,22,1
26,23,0
27,1,0
27,2,1
27,3,0
27,4,1
27,5,0
27,6,1
27,7,0
27,8,0
27,9,1
27,10,1
27,11,0
27,12,1
27,13,0
27,14,1
27,15,0
27,16,1
27,17,0
27,18,1
27,19,0
27,20,1
27,21,0
27,22,1
27,23,0
28,1,0
28,2,1
28,3,0
28,4,1
28,5,0
28,6,1
28,7,0
28,8,1
28,9,0
28,10,0
28,11,1
28,12,0
28,13,1
28,14,0
28,15,1
28,16,0
28,17,1
28,18,0
28,19,1
28,20,0
28,21,1
28,22,0
28,23,1
29,1,0
29,2,1
29,3,0
29,4,1
29,5,0
29,6,1
29,7,0
29,8,1
29,9,0
29,10,0
29,11,1
29,12,0
29,13,1
29,14,0
29,15,1
29,16,0
29,17,1
29,18,0
29,19,1
29,20,0
29,21,1
29,22,1
29,23,0
30,1,0
30,2,1
30,3,0
30,4,1
30,5,0
30,6,1
30,7,0
30,8,1
30,9,0
30,10,0
30,11,1
30,12,0
30,13,1
30,14,0
30,15,1
30,16,0
30,17,1
30,18,0
30,19,1
30,20,1
30,21,0
30,22,1
30,23,0
31,1,0
31,2,1
31,3,0
31,4,1
31,5,0
31,6,1
31,7,0
31,8,1
31,9,0
31,10,0
31,11,1
31,12,0
31,13,1
31,14,0
31,15,1
31,16,0
31,17,1
31,18,1
31,19,0
31,20,1
31,21,0
31,22,1
31,23,0
32,1,0
32,2,1
32,3,0
32,4,1
32,5,0
32,6,1
32,7,0
32,8,1
32,9,0
32,10,0
32,11,1
32,12,0
32,13,1
32,14,0
32,15,1
32,16,1
32,17,0
32,18,1
32,19,0
32,20,1
32,21,0
32,22,1
32,23,0
33,1,0
33,2,1
33,3,0
33,4,1
33,5,0
33,6,1
33,7,0
33,8,1
33,9,0
33,10,0
33,11,1
33,12,0
33,13,1
33,14,1
33,15,0
33,16,1
33,17,0
33,18,1
33,19,0
33,20,1
33,21,0
33,22,1
33,23,0
34,1,0
34,2,1
34,3,0
34,4,1
34,5,0
34,6,1
34,7,0
34,8,1
34,9,0
34,10,0
34,11,1
34,12,1
34,13,0
34,14,1
34,15,0
34,16,1
34,17,0
34,18,1
34,19,0
34,20,1
34,21,0
34,22,1
34,23,0
35,1,0
35,2,1
35,3,0
35,4,1
35,5,0
35,6,1
35,7,0
35,8,1
35,9,0
35,10,1
35,11,0
35,12,0
35,13,1
35,14,0
35,15,1
35,16,0
35,17,1
35,18,0
35,19,1
35,20,0
35,21,1
35,22,0
35,23,1
36,1,0
36,2,1
36,3,0
36,4,1
36,5,0
36,6,1
36,7,0
36,8,1
36,9,0
36,10,1
36,11,0
36,12,0
36,13,1
36,14,0
36,15,1
36,16,0
36,17,1
36,18,0
36,19,1
36,20,0
36,21,1
36,22,1
36,23,0
37,1,0
37,2,1
37,3,0
37,4,1
37,5,0
37,6,1
37,7,0
37,8,1
37,9,0
37,10,1
37,11,0
37,12,0
37,13,1
37,14,0
37,15,1
37,16,0
37,17,1
37,18,0
37,19,1
37,20,1
37,21,0
37,22,1
37,23,0
38,1,0
38,2,1
38,3,0
38,4,1
38,5,0
38,6,1
38,7,0
38,8,1
38,9,0
38,10,1
38,11,0
38,12,0
38,13,1
38,14,0
38,15,1
38,16,0
38,17,1
38,18,1
38,19,0
38,20,1
38,21,0
38,22,1
38,23,0
39,1,0
39,2,1
39,3,0
39,4,1
39,5,0
39,6,1
39,7,0
39,8,1
39,9,0
39,10,1
39,11,0
39,12,0
39,13,1
39,14,0
39,15,1
39,16,1
39,17,0
39,18,1
39,19,0
39,20,1
39,21,0
39,22,1
39,23,0
40,1,0
40,2,1
40,3,0
40,4,1
40,5,0
40,6,1
40,7,0
40,8,1
40,9,0
40,10,1
40,11,0
40,12,0
40,13,1
40,14,1
40,15,0
40,16,1
40,17,0
40,18,1
40,19,0
40,20,1
40,21,0
40,22,1
40,23,0
41,1,0
41,2,1
41,3,0
41,4,1
41,5,0
41,6,1
41,7,0
41,8,1
41,9,0
41,10,1
41,11,0
41,12,1
41,13,0
41,14,0
41,15,1
41,16,0
41,17,1
41,18,0
41,19,1
41,20,0
41,21,1
41,22,0
41,23,1
42,1,0
42,2,1
42,3,0
42,4,1
42,5,0
42,6,1
42,7,0
42,8,1
42,9,0
42,10,1
42,11,0
42,12,1
42,13,0
42,14,0
42,15,1
42,16,0
42,17,1
42,18,0
42,19,1
42,20,0
42,21,1
42,22,1
42,23,0
43,1,0
43,2,1
43,3,0
43,4,1
43,5,0
43,6,1
43,7,0
43,8,1
43,9,0
43,10,1
43,11,0
43,12,1
43,13,0
43,14,0
43,15,1
43,16,0
43,17,1
43,18,0
43,19,1
43,20,1
43,21,0
43,22,1
43,23,0
44,1,0
44,2,1
44,3,0
44,4,1
44,5,0
44,6,1
44,7,0
44,8,1
44,9,0
44,10,1
44,11,0
44,12,1
44,13,0
44,14,0
44,15,1
44,16,0
44,17,1
44,18,1
44,19,0
44,20,1
44,21,0
44,22,1
44,23,0
45,1,0
45,2,1
45,3,0
45,4,1
45,5,0
45,6,1
45,7,0
45,8,1
45,9,0
45,10,1
45,11,0
45,12,1
45,13,0
45,14,0
45,15,1
45,16,1
45,17,0
45,18,1
45,19,0
45,20,1
45,21,0
45,22,1
45,23,0
46,1,0
46,2,1
46,3,0
46,4,1
46,5,0
46,6,1
46,7,0
46,8,1
46,9,0
46,10,1
46,11,0
46,12,1
46,13,0
46,14,1
46,15,0
46,16,0
46,17,1
46,18,0
46,19,1
46,20,0
46,21,1
46,22,0
46,23,1
47,1,0
47,2,1
47,3,0
47,4,1
47,5,0
47,6,1
47,7,0
47,8,1
47,9,0
47,10,1
47,11,0
47,12,1
47,13,0
47,14,1
47,15,0
47,16,0
47,17,1
47,18,0
47,19,1
47,20,0
47,21,1
47,22,1
47,23,0
48,1,0
48,2,1
48,3,0
48,4,1
48,5,0
48,6,1
48,7,0
48,8,1
48,9,0
48,10,1
48,11,0
48,12,1
48,13,0
48,14,1
48,15,0
48,16,0
48,17,1
48,18,0
48,19,1
48,20,1
48,21,0
48,22,1
48,23,0
49,1,0
49,2,1
49,3,0
49,4,1
49,5,0
49,6,1
49,7,0
49,8,1
49,9,0
49,10,1
49,11,0
49,12,1
49,13,0
49,14,1
49,15,0
49,16,0
49,17,1
49,18,1
49,19,0
49,20,1
49,21,0
49,22,1
49,23,0
50,1,0
50,2,1
50,3,0
50,4,1
50,5,0
50,6,1
50,7,0
50,8,1
50,9,0
50,10,1
50,11,0
50,12,1
50,13,0
50,14,1
50,15,0
50,16,1
50,17,0
50,18,0
50,19,1
50,20,0
50,21,1
50,22,0
50,23,1
51,1,0
51,2,1
51,3,0
51,4,1
51,5,0
51,6,1
51,7,0
51,8,1
51,9,0
51,10,1
51,11,0
51,12,1
51,13,0
51,14,1
51,15,0
51,16,1
51,17,0
51,18,0
51,19,1
51,20,0
51,21,1
51,22,1
51,23,0
52,1,0
52,2,1
52,3,0
52,4,1
52,5,0
52,6,1
52,7,0
52,8,1
52,9,0
52,10,1
52,11,0
52,12,1
52,13,0
52,14,1
52,15,0
52,16,1
52,17,0
52,18,0
52,19,1
52,20,1
52,21,0
52,22,1
52,23,0
53,1,0
53,2,1
53,3,0
53,4,1
53,5,0
53,6,1
53,7,0
53,8,1
53,9,0
53,10,1
53,11,0
53,12,1
53,13,0
53,14,1
53,15,0
53,16,1
53,17,0
53,18,1
53,19,0
53,20,0
53,21,1
53,22,0
53,23,1
54,1,0
54,2,1
54,3,0
54,4,1
54,5,0
54,6,1
54,7,0
54,8,1
54,9,0
54,10,1
54,11,0
54,12,1
54,13,0
54,14,1
54,15,0
54,16,1
54,17,0
54,18,1
54,19,0
54,20,0
54,21,1
54,22,1
54,23,0
55,1,0
55,2,1
55,3,0
55,4,1
55,5,0
55,6,1
55,7,0
55,8,1
55,9,0
55,10,1
55,11,0
55,12,1
55,13,0
55,14,1
55,15,0
55,16,1
55,17,0
55,18,1
55,19,0
55,20,1
55,21,0
55,22,0
55,23,1
56,1,0
56,2,1
56,3,0
56,4,1
56,5,0
56,6,1
56,7,0
56,8,1
56,9,0
56,10,1
56,11,0
56,12,1
56,13,0
56,14,1
56,15,0
56,16,1
56,17,0
56,18,1
56,19,0
56,20,1
56,21,0
56,22,1
56,23,0
57,1,0
57,2,1
57,3,0
57,4,1
57,5,0
57,6,1
57,7,0
57,8,1
57,9,0
57,10,1
57,11,0
57,12,1
57,13,0
57,14,1
57,15,0
57,16,1
57,17,0
57,18,1
57,19,0
57,20,1
57,21,1
57,22,0
57,23,1
58,1,0
58,2,1
58,3,0
58,4,1
58,5,0
58,6,1
58,7,0
58,8,1
58,9,0
58,10,1
58,11,0
58,12,1
58,13,0
58,14,1
58,15,0
58,16,1
58,17,0
58,18,1
58,19,1
58,20,0
58,21,0
58,22,1
58,23,0
59,1,0
59,2,1
59,3,0
59,4,1
59,5,0
59,6,1
59,7,0
59,8,1
59,9,0
59,10,1
59,11,0
59,12,1
59,13,0
59,14,1
59,15,0
59,16,1
59,17,0
59,18,1
59,19,1
59,20,0
59,21,1
59,22,0
59,23,1
60,1,0
60,2,1
60,3,0
60,4,1
60,5,0
60,6,1
60,7,0
60,8,1
60,9,0
60,10,1
60,11,0
60,12,1
60,13,0
60,14,1
60,15,0
60,16,1
60,17,1
60,18,0
60,19,0
60,20,1
60,21,0
60,22,1
60,23,0
61,1,0
61,2,1
61,3,0
61,4,1
61,5,0
61,6,1
61,7,0
61,8,1
61,9,0
61,10,1
61,11,0
61,12,1
61,13,0
61,14,1
61,15,0
61,16,1
61,17,1
61,18,0
61,19,1
61,20,0
61,21,0
61,22,1
61,23,0
62,1,0
62,2,1
62,3,0
62,4,1
62,5,0
62,6,1
62,7,0
62,8,1
62,9,0
62,10,1
62,11,0
62,12,1
62,13,0
62,14,1
62,15,0
62,16,1
62,17,1
62,18,0
62,19,1
62,20,0
62,21,1
62,22,0
62,23,1
63,1,0
63,2,1
63,3,0
63,4,1
63,5,0
63,6,1
63,7,0
63,8,1
63,9,0
63,10,1
63,11,0
63,12,1
63,13,0
63,14,1
63,15,1
63,16,0
63,17,0
63,18,1
63,19,0
63,20,1
63,21,0
63,22,1
63,23,0
64,1,0
64,2,1
64,3,0
64,4,1
64,5,0
64,6,1
64,7,0
64,8,1
64,9,0
64,10,1
64,11,0
64,12,1
64,13,0
64,14,1
64,15,1
64,16,0
64,17,1
64,18,0
64,19,0
64,20,1
64,21,0
64,22,1
64,23,0
65,1,0
65,2,1
65,3,0
65,4,1
65,5,0
65,6,1
65,7,0
65,8,1
65,9,0
65,10,1
65,11,0
65,12,1
65,13,0
65,14,1
65,15,1
65,16,0
65,17,1
65,18,0
65,19,1
65,20,0
65,21,0
65,22,1
65,23,0
66,1,0
66,2,1
66,3,0
66,4,1
66,5,0
66,6,1
66,7,0
66,8,1
66,9,0
66,10,1
66,11,0
66,12,1
66,13,0
66,14,1
66,15,1
66,16,0
66,17,1
66,18,0
66,19,1
66,20,0
66,21,1
66,22,0
66,23,1
67,1,0
67,2,1
67,3,0
67,4,1
67,5,0
67,6,1
67,7,0
67,8,1
67,9,0
67,10,1
67,11,0
67,12,1
67,13,1
67,14,0
67,15,0
67,16,1
67,17,0
67,18,1
67,19,0
67,20,1
67,21,0
67,22,1
67,23,0
68,1,0
68,2,1
68,3,0
68,4,1
68,5,0
68,6,1
68,7,0
68,8,1
68,9,0
68,10,1
68,11,0
68,12,1
68,13,1
68,14,0
68,15,1
68,16,0
68,17,0
68,18,1
68,19,0
68,20,1
68,21,0
68,22,1
68,23,0
69,1,0
69,2,1
69,3,0
69,4,1
69,5,0
69,6,1
69,7,0
69,8,1
69,9,0
69,10,1
69,11,0
69,12,1
69,13,1
69,14,0
69,15,1
69,16,0
69,17,1
69,18,0
69,19,0
69,20,1
69,21,0
69,22,1
69,23,0
70,1,0
70,2,1
70,3,0
70,4,1
70,5,0
70,6,1
70,7,0
70,8,1
70,9,0
70,10,1
70,11,0
70,12,1
70,13,1
70,14,0
70,15,1
70,16,0
70,17,1
70,18,0
70,19,1
70,20,0
70,21,0
70,22,1
70,23,0
71,1,0
71,2,1
71,3,0
71,4,1
71,5,0
71,6,1
71,7,0
71,8,1
71,9,0
71,10,1
71,11,0
71,12,1
71,13,1
71,14,0
71,15,1
71,16,0
71,17,1
71,18,0
71,19,1
71,20,0
71,21,1
71,22,0
71,23,1
72,1,0
72,2,1
72,3,0
72,4,1
72,5,0
72,6,1
72,7,0
72,8,1
72,9,0
72,10,1
72,11,1
72,12,0
72,13,0
72,14,1
72,15,0
72,16,1
72,17,0
72,18,1
72,19,0
72,20,1
72,21,0
72,22,1
72,23,0
73,1,0
73,2,1
73,3,0
73,4,1
73,5,0
73,6,1
73,7,0
73,8,1
73,9,0
73,10,1
73,11,1
73,12,0
73,13,1
73,14,0
73,15,0
73,16,1
73,17,0
73,18,1
73,19,0
73,20,1
73,21,0
73,22,1
73,23,0
74,1,0
74,2,1
74,3,0
74,4,1
74,5,0
74,6,1
74,7,0
74,8,1
74,9,0
74,10,1
74,11,1
74,12,0
74,13,1
74,14,0
74,15,1
74,16,0
74,17,0
74,18,1
74,19,0
74,20,1
74,21,0
74,22,1
74,23,0
75,1,0
75,2,1
75,3,0
75,4,1
75,5,0
75,6,1
75,7,0
75,8,1
75,9,0
75,10,1
75,11,1
75,12,0
75,13,1
75,14,0
75,15,1
75,16,0
75,17,1
75,18,0
75,19,0
75,20,1
75,21,0
75,22,1
75,23,0
76,1,0
76,2,1
76,3,0
76,4,1
76,5,0
76,6,1
76,7,0
76,8,1
76,9,0
76,10,1
76,11,1
76,12,0
76,13,1
76,14,0
76,15,1
76,16,0
76,17,1
76,18,0
76,19,1
76,20,0
76,21,0
76,22,1
76,23,0
77,1,0
77,2,1
77,3,0
77,4,1
77,5,0
77,6,1
77,7,0
77,8,1
77,9,0
77,10,1
77,11,1
77,12,0
77,13,1
77,14,0
77,15,1
77,16,0
77,17,1
77,18,0
77,19,1
77,20,0
77,21,1
77,22,0
77,23,1
78,1,0
78,2,1
78,3,0
78,4,1
78,5,0
78,6,1
78,7,0
78,8,1
78,9,1
78,10,0
78,11,0
78,12,1
78,13,0
78,14,1
78,15,0
78,16,1
78,17,0
78,18,1
78,19,0
78,20,1
78,21,0
78,22,1
78,23,0
79,1,0
79,2,1
79,3,0
79,4,1
79,5,0
79,6,1
79,7,0
79,8,1
79,9,1
79,10,0
79,11,1
79,12,0
79,13,0
79,14,1
79,15,0
79,16,1
79,17,0
79,18,1
79,19,0
79,20,1
79,21,0
79,22,1
79,23,0
80,1,0
80,2,1
80,3,0
80,4,1
80,5,0
80,6,1
80,7,0
80,8,1
80,9,1
80,10,0
80,11,1
80,12,0
80,13,1
80,14,0
80,15,0
80,16,1
80,17,0
80,18,1
80,19,0
80,20,1
80,21,0
80,22,1
80,23,0
81,1,0
81,2,1
81,3,0
81,4,1
81,5,0
81,6,1
81,7,0
81,8,1
81,9,1
81,10,0
81,11,1
81,12,0
81,13,1
81,14,0
81,15,1
81,16,0
81,17,0
81,18,1
81,19,0
81,20,1
81,21,0
81,22,1
81,23,0
82,1,0
82,2,1
82,3,0
82,4,1
82,5,0
82,6,1
82,7,0
82,8,1
82,9,1
82,10,0
82,11,1
82,12,0
82,13,1
82,14,0
82,15,1
82,16,0
82,17,1
82,18,0
82,19,0
82,20,1
82,21,0
82,22,1
82,23,0
83,1,0
83,2,1
83,3,0
83,4,1
83,5,0
83,6,1
83,7,0
83,8,1
83,9,1
83,10,0
83,11,1
83,12,0
83,13,1
83,14,0
83,15,1
83,16,0
83,17,1
83,18,0
83,19,1
83,20,0
83,21,0
83,22,1
83,23,0
84,1,0
84,2,1
84,3,0
84,4,1
84,5,0
84,6,1
84,7,0
84,8,1
84,9,1
84,10,0
84,11,1
84,12,0
84,13,1
84,14,0
84,15,1
84,16,0
84,17,1
84,18,0
84,19,1
84,20,0
84,21,1
84,22,0
84,23,1
85,1,0
85,2,1
85,3,0
85,4,1
85,5,0
85,6,1
85,7,1
85,8,0
85,9,0
85,10,1
85,11,0
85,12,1
85,13,0
85,14,1
85,15,0
85,16,1
85,17,0
85,18,1
85,19,0
85,20,1
85,21,0
85,22,1
85,23,0
86,1,0
86,2,1
86,3,0
86,4,1
86,5,0
86,6,1
86,7,1
86,8,0
86,9,1
86,10,0
86,11,0
86,12,1
86,13,0
86,14,1
86,15,0
86,16,1
86,17,0
86,18,1
86,19,0
86,20,1
86,21,0
86,22,1
86,23,0
87,1,0
87,2,1
87,3,0
87,4,1
87,5,0
87,6,1
87,7,1
87,8,0
87,9,1
87,10,0
87,11,1
87,12,0
87,13,0
87,14,1
87,15,0
87,16,1
87,17,0
87,18,1
87,19,0
87,20,1
87,21,0
87,22,1
87,23,0
88,1,0
88,2,1
88,3,0
88,4,1
88,5,0
88,6,1
88,7,1
88,8,0
88,9,1
88,10,0
88,11,1
88,12,0
88,13,1
88,14,0
88,15,0
88,16,1
88,17,0
88,18,1
88,19,0
88,20,1
88,21,0
88,22,1
88,23,0
89,1,0
89,2,1
89,3,0
89,4,1
89,5,0
89,6,1
89,7,1
89,8,0
89,9,1
89,10,0
89,11,1
89,12,0
89,13,1
89,14,0
89,15,1
89,16,0
89,17,0
89,18,1
89,19,0
89,20,1
89,21,0
89,22,1
89,23,0
90,1,0
90,2,1
90,3,0
90,4,1
90,5,0
90,6,1
90,7,1
90,8,0
90,9,1
90,10,0
90,11,1
90,12,0
90,13,1
90,14,0
90,15,1
90,16,0
90,17,1
90,18,0
90,19,0
90,20,1
90,21,0
90,22,1
90,23,0
91,1,0
91,2,1
91,3,0
91,4,1
91,5,0
91,6,1
91,7,1
91,8,0
91,9,1
91,10,0
91,11,1
91,12,0
91,13,1
91,14,0
91,15,1
91,16,0
91,17,1
91,18,0
91,19,1
91,20,0
91,21,0
91,22,1
91,23,0
92,1,0
92,2,1
92,3,0
92,4,1
92,5,0
92,6,1
92,7,1
92,8,0
92,9,1
92,10,0
92,11,1
92,12,0
92,13,1
92,14,0
92,15,1
92,16,0
92,17,1
92,18,0
92,19,1
92,20,0
92,21,1
92,22,0
92,23,1
93,1,0
93,2,1
93,3,0
93,4,1
93,5,1
93,6,0
93,7,0
93,8,1
93,9,0
93,10,1
93,11,0
93,12,1
93,13,0
93,14,1
93,15,0
93,16,1
93,17,0
93,18,1
93,19,0
93,20,1
93,21,0
93,22,1
93,23,0
94,1,0
94,2,1
94,3,0
94,4,1
94,5,1
94,6,0
94,7,1
94,8,0
94,9,0
94,10,1
94,11,0
94,12,1
94,13,0
94,14,1
94,15,0
94,16,1
94,17,0
94,18,1
94,19,0
94,20,1
94,21,0
94,22,1
94,23,0
95,1,0
95,2,1
95,3,0
95,4,1
95,5,1
95,6,0
95,7,1
95,8,0
95,9,1
95,10,0
95,11,0
95,12,1
95,13,0
95,14,1
95,15,0
95,16,1
95,17,0
95,18,1
95,19,0
95,20,1
95,21,0
95,22,1
95,23,0
96,1,0
96,2,1
96,3,0
96,4,1
96,5,1
96,6,0
96,7,1
96,8,0
96,9,1
96,10,0
96,11,1
96,12,0
96,13,0
96,14,1
96,15,0
96,16,1
96,17,0
96,18,1
96,19,0
96,20,1
96,21,0
96,22,1
96,23,0
97,1,0
97,2,1
97,3,0
97,4,1
97,5,1
97,6,0
97,7,1
97,8,0
97,9,1
97,10,0
97,11,1
97,12,0
97,13,1
97,14,0
97,15,0
97,16,1
97,17,0
97,18,1
97,19,0
97,20,1
97,21,0
97,22,1
97,23,0
98,1,0
98,2,1
98,3,0
98,4,1
98,5,1
98,6,0
98,7,1
98,8,0
98,9,1
98,10,0
98,11,1
98,12,0
98,13,1
98,14,0
98,15,1
98,16,0
98,17,0
98,18,1
98,19,0
98,20,1
98,21,0
98,22,1
98,23,0
99,1,0
99,2,1
99,3,0
99,4,1
99,5,1
99,6,0
99,7,1
99,8,0
99,9,1
99,10,0
99,11,1
99,12,0
99,13,1
99,14,0
99,15,1
99,16,0
99,17,1
99,18,0
99,19,0
99,20,1
99,21,0
99,22,1
99,23,0
100,1,0
100,2,1
100,3,0
100,4,1
100,5,1
100,6,0
100,7,1
100,8,0
100,9,1
100,10,0
100,11,1
100,12,0
100,13,1
100,14,0
100,15,1
100,16,0
100,17,1
100,18,0
100,19,1
100,20,0
100,21,0
100,22,1
100,23,0
101,1,0
101,2,1
101,3,0
101,4,1
101,5,1
101,6,0
101,7,1
101,8,0
101,9,1
101,10,0
101,11,1
101,12,0
101,13,1
101,14,0
101,15,1
101,16,0
101,17,1
101,18,0
101,19,1
101,20,0
101,21,1
101,22,0
101,23,1
102,1,0
102,2,1
102,3,1
102,4,0
102,5,0
102,6,1
102,7,0
102,8,1
102,9,0
102,10,1
102,11,0
102,12,1
102,13,0
102,14,1
102,15,0
102,16,1
102,17,0
102,18,1
102,19,0
102,20,1
102,21,0
102,22,1
102,23,0
103,1,0
103,2,1
103,3,1
103,4,0
103,5,1
103,6,0
103,7,0
103,8,1
103,9,0
103,10,1
103,11,0
103,12,1
103,13,0
103,14,1
103,15,0
103,16,1
103,17,0
103,18,1
103,19,0
103,20,1
103,21,0
103,22,1
103,23,0
104,1,0
104,2,1
104,3,1
104,4,0
104,5,1
104,6,0
104,7,1
104,8,0
104,9,0
104,10,1
104,11,0
104,12,1
104,13,0
104,14,1
104,15,0
104,16,1
104,17,0
104,18,1
104,19,0
104,20,1
104,21,0
104,22,1
104,23,0
105,1,0
105,2,1
105,3,1
105,4,0
105,5,1
105,6,0
105,7,1
105,8,0
105,9,1
105,10,0
105,11,0
105,12,1
105,13,0
105,14,1
105,15,0
105,16,1
105,17,0
105,18,1
105,19,0
105,20,1
105,21,0
105,22,1
105,23,0
106,1,0
106,2,1
106,3,1
106,4,0
106,5,1
106,6,0
106,7,1
106,8,0
106,9,1
106,10,0
106,11,1
106,12,0
106,13,0
106,14,1
106,15,0
106,16,1
106,17,0
106,18,1
106,19,0
106,20,1
106,21,0
106,22,1
106,23,0
107,1,0
107,2,1
107,3,1
107,4,0
107,5,1
107,6,0
107,7,1
107,8,0
107,9,1
107,10,0
107,11,1
107,12,0
107,13,1
107,14,0
107,15,0
107,16,1
107,17,0
107,18,1
107,19,0
107,20,1
107,21,0
107,22,1
107,23,0
108,1,0
108,2,1
108,3,1
108,4,0
108,5,1
108,6,0
108,7,1
108,8,0
108,9,1
108,10,0
108,11,1
108,12,0
108,13,1
108,14,0
108,15,1
108,16,0
108,17,0
108,18,1
108,19,0
108,20,1
108,21,0
108,22,1
108,23,0
109,1,0
109,2,1
109,3,1
109,4,0
109,5,1
109,6,0
109,7,1
109,8,0
109,9,1
109,10,0
109,11,1
109,12,0
109,13,1
109,14,0
109,15,1
109,16,0
109,17,1
109,18,0
109,19,0
109,20,1
109,21,0
109,22,1
109,23,0
110,1,0
110,2,1
110,3,1
110,4,0
110,5,1
110,6,0
110,7,1
110,8,0
110,9,1
110,10,0
110,11,1
110,12,0
110,13,1
110,14,0
110,15,1
110,16,0
110,17,1
110,18,0
110,19,1
110,20,0
110,21,0
110,22,1
110,23,0
111,1,0
111,2,1
111,3,1
111,4,0
111,5,1
111,6,0
111,7,1
111,8,0
111,9,1
111,10,0
111,11,1
111,12,0
111,13,1
111,14,0
111,15,1
111,16,0
111,17,1
111,18,0
111,19,1
111,20,0
111,21,1
111,22,0
111,23,1
112,1,1
112,2,0
112,3,0
112,4,1
112,5,0
112,6,1
112,7,0
112,8,1
112,9,0
112,10,1
112,11,0
112,12,1
112,13,0
112,14,1
112,15,0
112,16,1
112,17,0
112,18,1
112,19,0
112,20,1
112,21,0
112,22,1
112,23,0
113,1,1
113,2,0
113,3,0
113,4,1
113,5,0
113,6,1
113,7,0
113,8,1
113,9,0
113,10,1
113,11,0
113,12,1
113,13,0
113,14,1
113,15,0
113,16,1
113,17,0
113,18,1
113,19,0
113,20,1
113,21,1
113,22,0
113,23,1
114,1,1
114,2,0
114,3,0
114,4,1
114,5,0
114,6,1
114,7,0
114,8,1
114,9,0
114,10,1
114,11,0
114,12,1
114,13,0
114,14,1
114,15,0
114,16,1
114,17,0
114,18,1
114,19,1
114,20,0
114,21,1
114,22,0
114,23,1
115,1,1
115,2,0
115,3,0
115,4,1
115,5,0
115,6,1
115,7,0
115,8,1
115,9,0
115,10,1
115,11,0
115,12,1
115,13,0
115,14,1
115,15,0
115,16,1
115,17,1
115,18,0
115,19,1
115,20,0
115,21,1
115,22,0
115,23,1
116,1,1
116,2,0
116,3,0
116,4,1
116,5,0
116,6,1
116,7,0
116,8,1
116,9,0
116,10,1
116,11,0
116,12,1
116,13,0
116,14,1
116,15,1
116,16,0
116,17,1
116,18,0
116,19,1
116,20,0
116,21,1
116,22,0
116,23,1
117,1,1
117,2,0
117,3,0
117,4,1
117,5,0
117,6,1
117,7,0
117,8,1
117,9,0
117,10,1
117,11,0
117,12,1
117,13,1
117,14,0
117,15,1
117,16,0
117,17,1
117,18,0
117,19,1
117,20,0
117,21,1
117,22,0
117,23,1
118,1,1
118,2,0
118,3,0
118,4,1
118,5,0
118,6,1
118,7,0
118,8,1
118,9,0
118,10,1
118,11,1
118,12,0
118,13,1
118,14,0
118,15,1
118,16,0
118,17,1
118,18,0
118,19,1
118,20,0
118,21,1
118,22,0
118,23,1
119,1,1
119,2,0
119,3,0
119,4,1
119,5,0
119,6,1
119,7,0
119,8,1
119,9,1
119,10,0
119,11,1
119,12,0
119,13,1
119,14,0
119,15,1
119,16,0
119,17,1
119,18,0
119,19,1
119,20,0
119,21,1
119,22,0
119,23,1
120,1,1
120,2,0
120,3,0
120,4,1
120,5,0
120,6,1
120,7,1
120,8,0
120,9,1
120,10,0
120,11,1
120,12,0
120,13,1
120,14,0
120,15,1
120,16,0
120,17,1
120,18,0
120,19,1
120,20,0
120,21,1
120,22,0
120,23,1
121,1,1
121,2,0
121,3,0
121,4,1
121,5,1
121,6,0
121,7,1
121,8,0
121,9,1
121,10,0
121,11,1
121,12,0
121,13,1
121,14,0
121,15,1
121,16,0
121,17,1
121,18,0
121,19,1
121,20,0
121,21,1
121,22,0
121,23,1
122,1,1
122,2,0
122,3,1
122,4,0
122,5,0
122,6,1
122,7,0
122,8,1
122,9,0
122,10,1
122,11,0
122,12,1
122,13,0
122,14,1
122,15,0
122,16,1
122,17,0
122,18,1
122,19,0
122,20,1
122,21,0
122,22,1
122,23,0
123,1,1
123,2,0
123,3,1
123,4,0
123,5,0
123,6,1
123,7,0
123,8,1
123,9,0
123,10,1
123,11,0
123,12,1
123,13,0
123,14,1
123,15,0
123,16,1
123,17,0
123,18,1
123,19,0
123,20,1
123,21,1
123,22,0
123,23,1
124,1,1
124,2,0
124,3,1
124,4,0
124,5,0
124,6,1
124,7,0
124,8,1
124,9,0
124,10,1
124,11,0
124,12,1
124,13,0
124,14,1
124,15,0
124,16,1
124,17,0
124,18,1
124,19,1
124,20,0
124,21,1
124,22,0
124,23,1
125,1,1
125,2,0
125,3,1
125,4,0
125,5,0
125,6,1
125,7,0
125,8,1
125,9,0
125,10,1
125,11,0
125,12,1
125,13,0
125,14,1
125,15,0
125,16,1
125,17,1
125,18,0
125,19,1
125,20,0
125,21,1
125,22,0
125,23,1
126,1,1
126,2,0
126,3,1
126,4,0
126,5,0
126,6,1
126,7,0
126,8,1
126,9,0
126,10,1
126,11,0
126,12,1
126,13,0
126,14,1
126,15,1
126,16,0
126,17,1
126,18,0
126,19,1
126,20,0
126,21,1
126,22,0
126,23,1
127,1,1
127,2,0
127,3,1
127,4,0
127,5,0
127,6,1
127,7,0
127,8,1
127,9,0
127,10,1
127,11,0
127,12,1
127,13,1
127,14,0
127,15,1
127,16,0
127,17,1
127,18,0
127,19,1
127,20,0
127,21,1
127,22,0
127,23,1
128,1,1
128,2,0
128,3,1
128,4,0
128,5,0
128,6,1
128,7,0
128,8,1
128,9,0
128,10,1
128,11,1
128,12,0
128,13,1
128,14,0
128,15,1
128,16,0
128,17,1
128,18,0
128,19,1
128,20,0
128,21,1
128,22,0
128,23,1
129,1,1
129,2,0
129,3,1
129,4,0
129,5,0
129,6,1
129,7,0
129,8,1
129,9,1
129,10,0
129,11,1
129,12,0
129,13,1
129,14,0
129,15,1
129,16,0
129,17,1
129,18,0
129,19,1
129,20,0
129,21,1
129,22,0
129,23,1
130,1,1
130,2,0
130,3,1
130,4,0
130,5,0
130,6,1
130,7,1
130,8,0
130,9,1
130,10,0
130,11,1
130,12,0
130,13,1
130,14,0
130,15,1
130,16,0
130,17,1
130,18,0
130,19,1
130,20,0
130,21,1
130,22,0
130,23,1
131,1,1
131,2,0
131,3,1
131,4,0
131,5,1
131,6,0
131,7,0
131,8,1
131,9,0
131,10,1
131,11,0
131,12,1
131,13,0
131,14,1
131,15,0
131,16,1
131,17,0
131,18,1
131,19,0
131,20,1
131,21,0
131,22,1
131,23,0
132,1,1
132,2,0
132,3,1
132,4,0
132,5,1
132,6,0
132,7,0
132,8,1
132,9,0
132,10,1
132,11,0
132,12,1
132,13,0
132,14,1
132,15,0
132,16,1
132,17,0
132,18,1
132,19,0
132,20,1
132,21,1
132,22,0
132,23,1
133,1,1
133,2,0
133,3,1
133,4,0
133,5,1
133,6,0
133,7,0
133,8,1
133,9,0
133,10,1
133,11,0
133,12,1
133,13,0
133,14,1
133,15,0
133,16,1
133,17,0
133,18,1
133,19,1
133,20,0
133,21,1
133,22,0
133,23,1
134,1,1
134,2,0
134,3,1
134,4,0
134,5,1
134,6,0
134,7,0
134,8,1
134,9,0
134,10,1
134,11,0
134,12,1
134,13,0
134,14,1
134,15,0
134,16,1
134,17,1
134,18,0
134,19,1
134,20,0
134,21,1
134,22,0
134,23,1
135,1,1
135,2,0
135,3,1
135,4,0
135,5,1
135,6,0
135,7,0
135,8,1
135,9,0
135,10,1
135,11,0
135,12,1
135,13,0
135,14,1
135,15,1
135,16,0
135,17,1
135,18,0
135,19,1
135,20,0
135,21,1
135,22,0
135,23,1
136,1,1
136,2,0
136,3,1
136,4,0
136,5,1
136,6,0
136,7,0
136,8,1
136,9,0
136,10,1
136,11,0
136,12,1
136,13,1
136,14,0
136,15,1
136,16,0
136,17,1
136,18,0
136,19,1
136,20,0
136,21,1
136,22,0
136,23,1
137,1,1
137,2,0
137,3,1
137,4,0
137,5,1
137,6,0
137,7,0
137,8,1
137,9,0
137,10,1
137,11,1
137,12,0
137,13,1
137,14,0
137,15,1
137,16,0
137,17,1
137,18,0
137,19,1
137,20,0
137,21,1
137,22,0
137,23,1
138,1,1
138,2,0
138,3,1
138,4,0
138,5,1
138,6,0
138,7,0
138,8,1
138,9,1
138,10,0
138,11,1
138,12,0
138,13,1
138,14,0
138,15,1
138,16,0
138,17,1
138,18,0
138,19,1
138,20,0
138,21,1
138,22,0
138,23,1
139,1,1
139,2,0
139,3,1
139,4,0
139,5,1
139,6,0
139,7,1
139,8,0
139,9,0
139,10,1
139,11,0
139,12,1
139,13,0
139,14,1
139,15,0
139,16,1
139,17,0
139,18,1
139,19,0
139,20,1
139,21,0
139,22,1
139,23,0
140,1,1
140,2,0
140,3,1
140,4,0
140,5,1
140,6,0
140,7,1
140,8,0
140,9,0
140,10,1
140,11,0
140,12,1
140,13,0
140,14,1
140,15,0
140,16,1
140,17,0
140,18,1
140,19,0
140,20,1
140,21,1
140,22,0
140,23,1
141,1,1
141,2,0
141,3,1
141,4,0
141,5,1
141,6,0
141,7,1
141,8,0
141,9,0
141,10,1
141,11,0
141,12,1
141,13,0
141,14,1
141,15,0
141,16,1
141,17,0
141,18,1
141,19,1
141,20,0
141,21,1
141,22,0
141,23,1
142,1,1
142,2,0
142,3,1
142,4,0
142,5,1
142,6,0
142,7,1
142,8,0
142,9,0
142,10,1
142,11,0
142,12,1
142,13,0
142,14,1
142,15,0
142,16,1
142,17,1
142,18,0
142,19,1
142,20,0
142,21,1
142,22,0
142,23,1
143,1,1
143,2,0
143,3,1
143,4,0
143,5,1
143,6,0
143,7,1
143,8,0
143,9,0
143,10,1
143,11,0
143,12,1
143,13,0
143,14,1
143,15,1
143,16,0
143,17,1
143,18,0
143,19,1
143,20,0
143,21,1
143,22,0
143,23,1
144,1,1
144,2,0
144,3,1
144,4,0
144,5,1
144,6,0
144,7,1
144,8,0
144,9,0
144,10,1
144,11,0
144,12,1
144,13,1
144,14,0
144,15,1
144,16,0
144,17,1
144,18,0
144,19,1
144,20,0
144,21,1
144,22,0
144,23,1
145,1,1
145,2,0
145,3,1
145,4,0
145,5,1
145,6,0
145,7,1
145,8,0
145,9,0
145,10,1
145,11,1
145,12,0
145,13,1
145,14,0
145,15,1
145,16,0
145,17,1
145,18,0
145,19,1
145,20,0
145,21,1
145,22,0
145,23,1
146,1,1
146,2,0
146,3,1
146,4,0
146,5,1
146,6,0
146,7,1
146,8,0
146,9,1
146,10,0
146,11,0
146,12,1
146,13,0
146,14,1
146,15,0
146,16,1
146,17,0
146,18,1
146,19,0
146,20,1
146,21,0
146,22,1
146,23,0
147,1,1
147,2,0
147,3,1
147,4,0
147,5,1
147,6,0
147,7,1
147,8,0
147,9,1
147,10,0
147,11,0
147,12,1
147,13,0
147,14,1
147,15,0
147,16,1
147,17,0
147,18,1
147,19,0
147,20,1
147,21,1
147,22,0
147,23,1
148,1,1
148,2,0
148,3,1
148,4,0
148,5,1
148,6,0
148,7,1
148,8,0
148,9,1
148,10,0
148,11,0
148,12,1
148,13,0
148,14,1
148,15,0
148,16,1
148,17,0
148,18,1
148,19,1
148,20,0
148,21,1
148,22,0
148,23,1
149,1,1
149,2,0
149,3,1
149,4,0
149,5,1
149,6,0
149,7,1
149,8,0
149,9,1
149,10,0
149,11,0
149,12,1
149,13,0
149,14,1
149,15,0
149,16,1
149,17,1
149,18,0
149,19,1
149,20,0
149,21,1
149,22,0
149,23,1
150,1,1
150,2,0
150,3,1
150,4,0
150,5,1
150,6,0
150,7,1
150,8,0
150,9,1
150,10,0
150,11,0
150,12,1
150,13,0
150,14,1
150,15,1
150,16,0
150,17,1
150,18,0
150,19,1
150,20,0
150,21,1
150,22,0
150,23,1
151,1,1
151,2,0
151,3,1
151,4,0
151,5,1
151,6,0
151,7,1
151,8,0
151,9,1
151,10,0
151,11,0
151,12,1
151,13,1
151,14,0
151,15,1
151,16,0
151,17,1
151,18,0
151,19,1
151,20,0
151,21,1
151,22,0
151,23,1
152,1,1
152,2,0
152,3,1
152,4,0
152,5,1
152,6,0
152,7,1
152,8,0
152,9,1
152,10,0
152,11,1
152,12,0
152,13,0
152,14,1
152,15,0
152,16,1
152,17,0
152,18,1
152,19,0
152,20,1
152,21,0
152,22,1
152,23,0
153,1,1
153,2,0
153,3,1
153,4,0
153,5,1
153,6,0
153,7,1
153,8,0
153,9,1
153,10,0
153,11,1
153,12,0
153,13,0
153,14,1
153,15,0
153,16,1
153,17,0
153,18,1
153,19,0
153,20,1
153,21,1
153,22,0
153,23,1
154,1,1
154,2,0
154,3,1
154,4,0
154,5,1
154,6,0
154,7,1
154,8,0
154,9,1
154,10,0
154,11,1
154,12,0
154,13,0
154,14,1
154,15,0
154,16,1
154,17,0
154,18,1
154,19,1
154,20,0
154,21,1
154,22,0
154,23,1
155,1,1
155,2,0
155,3,1
155,4,0
155,5,1
155,6,0
155,7,1
155,8,0
155,9,1
155,10,0
155,11,1
155,12,0
155,13,0
155,14,1
155,15,0
155,16,1
155,17,1
155,18,0
155,19,1
155,20,0
155,21,1
155,22,0
155,23,1
156,1,1
156,2,0
156,3,1
156,4,0
156,5,1
156,6,0
156,7,1
156,8,0
156,9,1
156,10,0
156,11,1
156,12,0
156,13,0
156,14,1
156,15,1
156,16,0
156,17,1
156,18,0
156,19,1
156,20,0
156,21,1
156,22,0
156,23,1
157,1,1
157,2,0
157,3,1
157,4,0
157,5,1
157,6,0
157,7,1
157,8,0
157,9,1
157,10,0
157,11,1
157,12,0
157,13,1
157,14,0
157,15,0
157,16,1
157,17,0
157,18,1
157,19,0
157,20,1
157,21,0
157,22,1
157,23,0
158,1,1
158,2,0
158,3,1
158,4,0
158,5,1
158,6,0
158,7,1
158,8,0
158,9,1
158,10,0
158,11,1
158,12,0
158,13,1
158,14,0
158,15,0
158,16,1
158,17,0
158,18,1
158,19,0
158,20,1
158,21,1
158,22,0
158,23,1
159,1,1
159,2,0
159,3,1
159,4,0
159,5,1
159,6,0
159,7,1
159,8,0
159,9,1
159,10,0
159,11,1
159,12,0
159,13,1
159,14,0
159,15,0
159,16,1
159,17,0
159,18,1
159,19,1
159,20,0
159,21,1
159,22,0
159,23,1
160,1,1
160,2,0
160,3,1
160,4,0
160,5,1
160,6,0
160,7,1
160,8,0
160,9,1
160,10,0
160,11,1
160,12,0
160,13,1
160,14,0
160,15,0
160,16,1
160,17,1
160,18,0
160,19,1
160,20,0
160,21,1
160,22,0
160,23,1
161,1,1
161,2,0
161,3,1
161,4,0
161,5,1
161,6,0
161,7,1
161,8,0
161,9,1
161,10,0
161,11,1
161,12,0
161,13,1
161,14,0
161,15,1
161,16,0
161,17,0
161,18,1
161,19,0
161,20,1
161,21,0
161,22,1
161,23,0
162,1,1
162,2,0
162,3,1
162,4,0
162,5,1
162,6,0
162,7,1
162,8,0
162,9,1
162,10,0
162,11,1
162,12,0
162,13,1
162,14,0
162,15,1
162,16,0
162,17,0
162,18,1
162,19,0
162,20,1
162,21,1
162,22,0
162,23,1
163,1,1
163,2,0
163,3,1
163,4,0
163,5,1
163,6,0
163,7,1
163,8,0
163,9,1
163,10,0
163,11,1
163,12,0
163,13,1
163,14,0
163,15,1
163,16,0
163,17,0
163,18,1
163,19,1
163,20,0
163,21,1
163,22,0
163,23,1
164,1,1
164,2,0
164,3,1
164,4,0
164,5,1
164,6,0
164,7,1
164,8,0
164,9,1
164,10,0
164,11,1
164,12,0
164,13,1
164,14,0
164,15,1
164,16,0
164,17,1
164,18,0
164,19,0
164,20,1
164,21,0
164,22,1
164,23,0
165,1,1
165,2,0
165,3,1
165,4,0
165,5,1
165,6,0
165,7,1
165,8,0
165,9,1
165,10,0
165,11,1
165,12,0
165,13,1
165,14,0
165,15,1
165,16,0
165,17,1
165,18,0
165,19,0
165,20,1
165,21,1
165,22,0
165,23,1
166,1,1
166,2,0
166,3,1
166,4,0
166,5,1
166,6,0
166,7,1
166,8,0
166,9,1
166,10,0
166,11,1
166,12,0
166,13,1
166,14,0
166,15,1
166,16,0
166,17,1
166,18,0
166,19,1
166,20,0
166,21,0
166,22,1
166,23,0
167,1,1
167,2,0
167,3,1
167,4,0
167,5,1
167,6,0
167,7,1
167,8,0
167,9,1
167,10,0
167,11,1
167,12,0
167,13,1
167,14,0
167,15,1
167,16,0
167,17,1
167,18,0
167,19,1
167,20,0
167,21,1
167,22,0
167,23,1
168,1,1
168,2,0
168,3,1
168,4,0
168,5,1
168,6,0
168,7,1
168,8,0
168,9,1
168,10,0
168,11,1
168,12,0
168,13,1
168,14,0
168,15,1
168,16,0
168,17,1
168,18,0
168,19,1
168,20,0
168,21,1
168,22,1
168,23,0
169,1,1
169,2,0
169,3,1
169,4,0
169,5,1
169,6,0
169,7,1
169,8,0
169,9,1
169,10,0
169,11,1
169,12,0
169,13,1
169,14,0
169,15,1
169,16,0
169,17,1
169,18,0
169,19,1
169,20,1
169,21,0
169,22,0
169,23,1
170,1,1
170,2,0
170,3,1
170,4,0
170,5,1
170,6,0
170,7,1
170,8,0
170,9,1
170,10,0
170,11,1
170,12,0
170,13,1
170,14,0
170,15,1
170,16,0
170,17,1
170,18,0
170,19,1
170,20,1
170,21,0
170,22,1
170,23,0
171,1,1
171,2,0
171,3,1
171,4,0
171,5,1
171,6,0
171,7,1
171,8,0
171,9,1
171,10,0
171,11,1
171,12,0
171,13,1
171,14,0
171,15,1
171,16,0
171,17,1
171,18,1
171,19,0
171,20,0
171,21,1
171,22,0
171,23,1
172,1,1
172,2,0
172,3,1
172,4,0
172,5,1
172,6,0
172,7,1
172,8,0
172,9,1
172,10,0
172,11,1
172,12,0
172,13,1
172,14,0
172,15,1
172,16,0
172,17,1
172,18,1
172,19,0
172,20,1
172,21,0
172,22,0
172,23,1
173,1,1
173,2,0
173,3,1
173,4,0
173,5,1
173,6,0
173,7,1
173,8,0
173,9,1
173,10,0
173,11,1
173,12,0
173,13,1
173,14,0
173,15,1
173,16,0
173,17,1
173,18,1
173,19,0
173,20,1
173,21,0
173,22,1
173,23,0
174,1,1
174,2,0
174,3,1
174,4,0
174,5,1
174,6,0
174,7,1
174,8,0
174,9,1
174,10,0
174,11,1
174,12,0
174,13,1
174,14,0
174,15,1
174,16,1
174,17,0
174,18,0
174,19,1
174,20,0
174,21,1
174,22,0
174,23,1
175,1,1
175,2,0
175,3,1
175,4,0
175,5,1
175,6,0
175,7,1
175,8,0
175,9,1
175,10,0
175,11,1
175,12,0
175,13,1
175,14,0
175,15,1
175,16,1
175,17,0
175,18,1
175,19,0
175,20,0
175,21,1
175,22,0
175,23,1
176,1,1
176,2,0
176,3,1
176,4,0
176,5,1
176,6,0
176,7,1
176,8,0
176,9,1
176,10,0
176,11,1
176,12,0
176,13,1
176,14,0
176,15,1
176,16,1
176,17,0
176,18,1
176,19,0
176,20,1
176,21,0
176,22,0
176,23,1
177,1,1
177,2,0
177,3,1
177,4,0
177,5,1
177,6,0
177,7,1
177,8,0
177,9,1
177,10,0
177,11,1
177,12,0
177,13,1
177,14,0
177,15,1
177,16,1
177,17,0
177,18,1
177,19,0
177,20,1
177,21,0
177,22,1
177,23,0
178,1,1
178,2,0
178,3,1
178,4,0
178,5,1
178,6,0
178,7,1
178,8,0
178,9,1
178,10,0
178,11,1
178,12,0
178,13,1
178,14,1
178,15,0
178,16,0
178,17,1
178,18,0
178,19,1
178,20,0
178,21,1
178,22,0
178,23,1
179,1,1
179,2,0
179,3,1
179,4,0
179,5,1
179,6,0
179,7,1
179,8,0
179,9,1
179,10,0
179,11,1
179,12,0
179,13,1
179,14,1
179,15,0
179,16,1
179,17,0
179,18,0
179,19,1
179,20,0
179,21,1
179,22,0
179,23,1
180,1,1
180,2,0
180,3,1
180,4,0
180,5,1
180,6,0
180,7,1
180,8,0
180,9,1
180,10,0
180,11,1
180,12,0
180,13,1
180,14,1
180,15,0
180,16,1
180,17,0
180,18,1
180,19,0
180,20,0
180,21,1
180,22,0
180,23,1
181,1,1
181,2,0
181,3,1
181,4,0
181,5,1
181,6,0
181,7,1
181,8,0
181,9,1
181,10,0
181,11,1
181,12,0
181,13,1
181,14,1
181,15,0
181,16,1
181,17,0
181,18,1
181,19,0
181,20,1
181,21,0
181,22,0
181,23,1
182,1,1
182,2,0
182,3,1
182,4,0
182,5,1
182,6,0
182,7,1
182,8,0
182,9,1
182,10,0
182,11,1
182,12,0
182,13,1
182,14,1
182,15,0
182,16,1
182,17,0
182,18,1
182,19,0
182,20,1
182,21,0
182,22,1
182,23,0
183,1,1
183,2,0
183,3,1
183,4,0
183,5,1
183,6,0
183,7,1
183,8,0
183,9,1
183,10,0
183,11,1
183,12,1
183,13,0
183,14,0
183,15,1
183,16,0
183,17,1
183,18,0
183,19,1
183,20,0
183,21,1
183,22,0
183,23,1
184,1,1
184,2,0
184,3,1
184,4,0
184,5,1
184,6,0
184,7,1
184,8,0
184,9,1
184,10,0
184,11,1
184,12,1
184,13,0
184,14,1
184,15,0
184,16,0
184,17,1
184,18,0
184,19,1
184,20,0
184,21,1
184,22,0
184,23,1
185,1,1
185,2,0
185,3,1
185,4,0
185,5,1
185,6,0
185,7,1
185,8,0
185,9,1
185,10,0
185,11,1
185,12,1
185,13,0
185,14,1
185,15,0
185,16,1
185,17,0
185,18,0
185,19,1
185,20,0
185,21,1
185,22,0
185,23,1
186,1,1
186,2,0
186,3,1
186,4,0
186,5,1
186,6,0
186,7,1
186,8,0
186,9,1
186,10,0
186,11,1
186,12,1
186,13,0
186,14,1
186,15,0
186,16,1
186,17,0
186,18,1
186,19,0
186,20,0
186,21,1
186,22,0
186,23,1
187,1,1
187,2,0
187,3,1
187,4,0
187,5,1
187,6,0
187,7,1
187,8,0
187,9,1
187,10,0
187,11,1
187,12,1
187,13,0
187,14,1
187,15,0
187,16,1
187,17,0
187,18,1
187,19,0
187,20,1
187,21,0
187,22,0
187,23,1
188,1,1
188,2,0
188,3,1
188,4,0
188,5,1
188,6,0
188,7,1
188,8,0
188,9,1
188,10,0
188,11,1
188,12,1
188,13,0
188,14,1
188,15,0
188,16,1
188,17,0
188,18,1
188,19,0
188,20,1
188,21,0
188,22,1
188,23,0
189,1,1
189,2,0
189,3,1
189,4,0
189,5,1
189,6,0
189,7,1
189,8,0
189,9,1
189,10,1
189,11,0
189,12,0
189,13,1
189,14,0
189,15,1
189,16,0
189,17,1
189,18,0
189,19,1
189,20,0
189,21,1
189,22,0
189,23,1
190,1,1
190,2,0
190,3,1
190,4,0
190,5,1
190,6,0
190,7,1
190,8,0
190,9,1
190,10,1
190,11,0
190,12,1
190,13,0
190,14,0
190,15,1
190,16,0
190,17,1
190,18,0
190,19,1
190,20,0
190,21,1
190,22,0
190,23,1
191,1,1
191,2,0
191,3,1
191,4,0
191,5,1
191,6,0
191,7,1
191,8,0
191,9,1
191,10,1
191,11,0
191,12,1
191,13,0
191,14,1
191,15,0
191,16,0
191,17,1
191,18,0
191,19,1
191,20,0
191,21,1
191,22,0
191,23,1
192,1,1
192,2,0
192,3,1
192,4,0
192,5,1
192,6,0
192,7,1
192,8,0
192,9,1
192,10,1
192,11,0
192,12,1
192,13,0
192,14,1
192,15,0
192,16,1
192,17,0
192,18,0
192,19,1
192,20,0
192,21,1
192,22,0
192,23,1
193,1,1
193,2,0
193,3,1
193,4,0
193,5,1
193,6,0
193,7,1
193,8,0
193,9,1
193,10,1
193,11,0
193,12,1
193,13,0
193,14,1
193,15,0
193,16,1
193,17,0
193,18,1
193,19,0
193,20,0
193,21,1
193,22,0
193,23,1
194,1,1
194,2,0
194,3,1
194,4,0
194,5,1
194,6,0
194,7,1
194,8,0
194,9,1
194,10,1
194,11,0
194,12,1
194,13,0
194,14,1
194,15,0
194,16,1
194,17,0
194,18,1
194,19,0
194,20,1
194,21,0
194,22,0
194,23,1
195,1,1
195,2,0
195,3,1
195,4,0
195,5,1
195,6,0
195,7,1
195,8,0
195,9,1
195,10,1
195,11,0
195,12,1
195,13,0
195,14,1
195,15,0
195,16,1
195,17,0
195,18,1
195,19,0
195,20,1
195,21,0
195,22,1
195,23,0
196,1,1
196,2,0
196,3,1
196,4,0
196,5,1
196,6,0
196,7,1
196,8,1
196,9,0
196,10,0
196,11,1
196,12,0
196,13,1
196,14,0
196,15,1
196,16,0
196,17,1
196,18,0
196,19,1
196,20,0
196,21,1
196,22,0
196,23,1
197,1,1
197,2,0
197,3,1
197,4,0
197,5,1
197,6,0
197,7,1
197,8,1
197,9,0
197,10,1
197,11,0
197,12,0
197,13,1
197,14,0
197,15,1
197,16,0
197,17,1
197,18,0
197,19,1
197,20,0
197,21,1
197,22,0
197,23,1
198,1,1
198,2,0
198,3,1
198,4,0
198,5,1
198,6,0
198,7,1
198,8,1
198,9,0
198,10,1
198,11,0
198,12,1
198,13,0
198,14,0
198,15,1
198,16,0
198,17,1
198,18,0
198,19,1
198,20,0
198,21,1
198,22,0
198,23,1
199,1,1
199,2,0
199,3,1
199,4,0
199,5,1
199,6,0
199,7,1
199,8,1
199,9,0
199,10,1
199,11,0
199,12,1
199,13,0
199,14,1
199,15,0
199,16,0
199,17,1
199,18,0
199,19,1
199,20,0
199,21,1
199,22,0
199,23,1
200,1,1
200,2,0
200,3,1
200,4,0
200,5,1
200,6,0
200,7,1
200,8,1
200,9,0
200,10,1
200,11,0
200,12,1
200,13,0
200,14,1
200,15,0
200,16,1
200,17,0
200,18,0
200,19,1
200,20,0
200,21,1
200,22,0
200,23,1
201,1,1
201,2,0
201,3,1
201,4,0
201,5,1
201,6,0
201,7,1
201,8,1
201,9,0
201,10,1
201,11,0
201,12,1
201,13,0
201,14,1
201,15,0
201,16,1
201,17,0
201,18,1
201,19,0
201,20,0
201,21,1
201,22,0
201,23,1
202,1,1
202,2,0
202,3,1
202,4,0
202,5,1
202,6,0
202,7,1
202,8,1
202,9,0
202,10,1
202,11,0
202,12,1
202,13,0
202,14,1
202,15,0
202,16,1
202,17,0
202,18,1
202,19,0
202,20,1
202,21,0
202,22,0
202,23,1
203,1,1
203,2,0
203,3,1
203,4,0
203,5,1
203,6,0
203,7,1
203,8,1
203,9,0
203,10,1
203,11,0
203,12,1
203,13,0
203,14,1
203,15,0
203,16,1
203,17,0
203,18,1
203,19,0
203,20,1
203,21,0
203,22,1
203,23,0
204,1,1
204,2,0
204,3,1
204,4,0
204,5,1
204,6,1
204,7,0
204,8,0
204,9,1
204,10,0
204,11,1
204,12,0
204,13,1
204,14,0
204,15,1
204,16,0
204,17,1
204,18,0
204,19,1
204,20,0
204,21,1
204,22,0
204,23,1
205,1,1
205,2,0
205,3,1
205,4,0
205,5,1
205,6,1
205,7,0
205,8,1
205,9,0
205,10,0
205,11,1
205,12,0
205,13,1
205,14,0
205,15,1
205,16,0
205,17,1
205,18,0
205,19,1
205,20,0
205,21,1
205,22,0
205,23,1
206,1,1
206,2,0
206,3,1
206,4,0
206,5,1
206,6,1
206,7,0
206,8,1
206,9,0
206,10,1
206,11,0
206,12,0
206,13,1
206,14,0
206,15,1
206,16,0
206,17,1
206,18,0
206,19,1
206,20,0
206,21,1
206,22,0
206,23,1
207,1,1
207,2,0
207,3,1
207,4,0
207,5,1
207,6,1
207,7,0
207,8,1
207,9,0
207,10,1
207,11,0
207,12,1
207,13,0
207,14,0
207,15,1
207,16,0
207,17,1
207,18,0
207,19,1
207,20,0
207,21,1
207,22,0
207,23,1
208,1,1
208,2,0
208,3,1
208,4,0
208,5,1
208,6,1
208,7,0
208,8,1
208,9,0
208,10,1
208,11,0
208,12,1
208,13,0
208,14,1
208,15,0
208,16,0
208,17,1
208,18,0
208,19,1
208,20,0
208,21,1
208,22,0
208,23,1
209,1,1
209,2,0
209,3,1
209,4,0
209,5,1
209,6,1
209,7,0
209,8,1
209,9,0
209,10,1
209,11,0
209,12,1
209,13,0
209,14,1
209,15,0
209,16,1
209,17,0
209,18,0
209,19,1
209,20,0
209,21,1
209,22,0
209,23,1
210,1,1
210,2,0
210,3,1
210,4,0
210,5,1
210,6,1
210,7,0
210,8,1
210,9,0
210,10,1
210,11,0
210,12,1
210,13,0
210,14,1
210,15,0
210,16,1
210,17,0
210,18,1
210,19,0
210,20,0
210,21,1
210,22,0
210,23,1
211,1,1
211,2,0
211,3,1
211,4,0
211,5,1
211,6,1
211,7,0
211,8,1
211,9,0
211,10,1
211,11,0
211,12,1
211,13,0
211,14,1
211,15,0
211,16,1
211,17,0
211,18,1
211,19,0
211,20,1
211,21,0
211,22,0
211,23,1
212,1,1
212,2,0
212,3,1
212,4,0
212,5,1
212,6,1
212,7,0
212,8,1
212,9,0
212,10,1
212,11,0
212,12,1
212,13,0
212,14,1
212,15,0
212,16,1
212,17,0
212,18,1
212,19,0
212,20,1
212,21,0
212,22,1
212,23,0
213,1,1
213,2,0
213,3,1
213,4,1
213,5,0
213,6,0
213,7,1
213,8,0
213,9,1
213,10,0
213,11,1
213,12,0
213,13,1
213,14,0
213,15,1
213,16,0
213,17,1
213,18,0
213,19,1
213,20,0
213,21,1
213,22,0
213,23,1
214,1,1
214,2,0
214,3,1
214,4,1
214,5,0
214,6,1
214,7,0
214,8,0
214,9,1
214,10,0
214,11,1
214,12,0
214,13,1
214,14,0
214,15,1
214,16,0
214,17,1
214,18,0
214,19,1
214,20,0
214,21,1
214,22,0
214,23,1
215,1,1
215,2,0
215,3,1
215,4,1
215,5,0
215,6,1
215,7,0
215,8,1
215,9,0
215,10,0
215,11,1
215,12,0
215,13,1
215,14,0
215,15,1
215,16,0
215,17,1
215,18,0
215,19,1
215,20,0
215,21,1
215,22,0
215,23,1
216,1,1
216,2,0
216,3,1
216,4,1
216,5,0
216,6,1
216,7,0
216,8,1
216,9,0
216,10,1
216,11,0
216,12,0
216,13,1
216,14,0
216,15,1
216,16,0
216,17,1
216,18,0
216,19,1
216,20,0
216,21,1
216,22,0
216,23,1
217,1,1
217,2,0
217,3,1
217,4,1
217,5,0
217,6,1
217,7,0
217,8,1
217,9,0
217,10,1
217,11,0
217,12,1
217,13,0
217,14,0
217,15,1
217,16,0
217,17,1
217,18,0
217,19,1
217,20,0
217,21,1
217,22,0
217,23,1
218,1,1
218,2,0
218,3,1
218,4,1
218,5,0
218,6,1
218,7,0
218,8,1
218,9,0
218,10,1
218,11,0
218,12,1
218,13,0
218,14,1
218,15,0
218,16,0
218,17,1
218,18,0
218,19,1
218,20,0
218,21,1
218,22,0
218,23,1
219,1,1
219,2,0
219,3,1
219,4,1
219,5,0
219,6,1
219,7,0
219,8,1
219,9,0
219,10,1
219,11,0
219,12,1
219,13,0
219,14,1
219,15,0
219,16,1
219,17,0
219,18,0
219,19,1
219,20,0
219,21,1
219,22,0
219,23,1
220,1,1
220,2,0
220,3,1
220,4,1
220,5,0
220,6,1
220,7,0
220,8,1
220,9,0
220,10,1
220,11,0
220,12,1
220,13,0
220,14,1
220,15,0
220,16,1
220,17,0
220,18,1
220,19,0
220,20,0
220,21,1
220,22,0
220,23,1
221,1,1
221,2,0
221,3,1
221,4,1
221,5,0
221,6,1
221,7,0
221,8,1
221,9,0
221,10,1
221,11,0
221,12,1
221,13,0
221,14,1
221,15,0
221,16,1
221,17,0
221,18,1
221,19,0
221,20,1
221,21,0
221,22,0
221,23,1
222,1,1
222,2,0
222,3,1
222,4,1
222,5,0
222,6,1
222,7,0
222,8,1
222,9,0
222,10,1
222,11,0
222,12,1
222,13,0
222,14,1
222,15,0
222,16,1
222,17,0
222,18,1
222,19,0
222,20,1
222,21,0
222,22,1
222,23,0
