Max time = 14400.0
Tried aggregator 2 times.
MIP Presolve eliminated 7397 rows and 18 columns.
MIP Presolve modified 266 coefficients.
Aggregator did 52 substitutions.
Reduced MIP has 2620 rows, 24116 columns, and 176598 nonzeros.
Reduced MIP has 24082 binaries, 34 generals, 0 SOSs, and 0 indicators.
Presolve time = 0.68 sec. (168.91 ticks)
Tried aggregator 1 time.
Reduced MIP has 2620 rows, 24116 columns, and 176598 nonzeros.
Reduced MIP has 24082 binaries, 34 generals, 0 SOSs, and 0 indicators.
Presolve time = 0.29 sec. (71.01 ticks)
Probing time = 0.30 sec. (9.19 ticks)
Clique table members: 31608.
MIP emphasis: balance optimality and feasibility.
MIP search method: dynamic search.
Parallel mode: deterministic, using up to 4 threads.
Root relaxation solution time = 9.83 sec. (2008.28 ticks)

        Nodes                                         Cuts/
   Node  Left     Objective  IInf  Best Integer    Best Bound    ItCnt     Gap

      0     0       24.0000  2366                     24.0000        0         
      0     2       24.0000   872                     24.0000        0         
Elapsed time = 301.23 sec. (53373.70 ticks, tree = 0.01 MB, solutions = 0)
      1     3       24.0000  1751                     24.0000    23104         
      2     3       24.0000  1818                     24.0000    23805         
      3     4       24.0000  1873                     24.0000    36808         
      5     6       24.0000  2034                     24.0000    61116         
      6     5       24.0000  1926                     24.0000    61192         
      7     7       24.0000  2028                     24.0000    86378         
      8    10       24.0000  2028                     24.0000   101616         
      9     5       24.0000  1815                     24.0000    61420         
     10     8       24.0000  1995                     24.0000    87650         
     11     9       24.0000  1996                     24.0000   102554         
Elapsed time = 612.43 sec. (107771.68 ticks, tree = 0.03 MB, solutions = 0)
     12    11       24.0000  1946                     24.0000   116008         
     13    11       24.0000  1971                     24.0000   130323         
     15    12       24.0000  2114                     24.0000   144849         
     16    15       24.0000  2047                     24.0000   170185         
     17    18       24.0000  2090                     24.0000   216059         
     19    16       24.0000  2028                     24.0000   186598         
     20    19       24.0000  1977                     24.0000   229517         
     22    21       24.0000  2006                     24.0000   255852         
     23    22       24.0000  1969                     24.0000   271178         
     24    25       24.0000  2197                     24.0000   298337         
Elapsed time = 1017.56 sec. (157324.89 ticks, tree = 0.17 MB, solutions = 0)
     25    23       24.0000  1999                     24.0000   283220         
     27    24       24.0000  2010                     24.0000   297821         
     28    26       24.0000  2034                     24.0000   311813         
     29    26       24.0000  2083                     24.0000   323255         
     31    27       24.0000  2015                     24.0000   323553         
     33    34       24.0000  2017                     24.0000   390424         
     35    31       24.0000  2095                     24.0000   376898         
     36    35       24.0000  2045                     24.0000   404557         
     37    36       24.0000  2014                     24.0000   405954         
     39    29       24.0000  2002                     24.0000   360908         
Elapsed time = 1251.65 sec. (194680.07 ticks, tree = 0.39 MB, solutions = 0)
     40    37       24.0000  1970                     24.0000   431277         
     41    38       24.0000  2020                     24.0000   434175         
     42    39       24.0000  2074                     24.0000   437387         
     43    40       24.0000  1966                     24.0000   440877         
     44    41       24.0000  1910                     24.0000   443462         
     45    42       24.0000  1859                     24.0000   446275         
     46    43       24.0000  1823                     24.0000   448278         
     47    44       24.0000  1785                     24.0000   451427         
     48    45       24.0000  1730                     24.0000   454065         
     50    45       24.0000  1726                     24.0000   457264         
Elapsed time = 1368.25 sec. (214649.83 ticks, tree = 0.49 MB, solutions = 0)
     51    46       24.0000  1674                     24.0000   462168         
     53    48       24.0000  1595                     24.0000   467895         
     54    49       24.0000  1526                     24.0000   472642         
     55    50       24.0000  1470                     24.0000   476277         
     56    51       24.0000  1407                     24.0000   480019         
     57    52       24.0000  1347                     24.0000   483645         
     59    52       24.0000  1335                     24.0000   486768         
     60    34       24.0000  2001                     24.0000   379375         
     61    45       24.0000  2214                     24.0000   452414         
     63    46       24.0000  2183                     24.0000   455840         
Elapsed time = 1558.81 sec. (245397.73 ticks, tree = 0.88 MB, solutions = 0)
     66    47       24.0000  2238                     24.0000   458794         
     69    56       26.0000  1252                     24.0000   503005         
     72    58       26.0000  1124                     24.0000   509165         
     73    59       26.0000  1074                     24.0000   515720         
     79    61    infeasible                           24.0000   521506         
     84    64       28.0000  1012                     24.0000   526491         
     89    61       24.0000  2279                     24.0000   504953         
     91    52       24.0000  1953                     24.0000   477358         
     93    53       24.0000  1909                     24.0000   480124         
     95    54       24.0000  1854                     24.0000   484515         
Elapsed time = 1650.80 sec. (259928.35 ticks, tree = 0.83 MB, solutions = 0)
     99    71       28.0000   931                     24.0000   535455         
    105    55       24.0000  1790                     24.0000   486683         
    109    75    infeasible                           24.0000   548557         
    114    76       28.0000   849                     24.0000   553896         
    118    80       28.0000   804                     24.0000   559788         
    124    84       28.0000   781                     24.0000   565204         
    130    58       24.0000  1636                     24.0000   499741         
    135    59       24.0000  1575                     24.0000   504995         
    136   111       24.0000  1523                     24.0000   641017         
    137   112       24.0000  1465                     24.0000   645620         
Elapsed time = 1738.42 sec. (273371.69 ticks, tree = 1.31 MB, solutions = 0)
    138   111    infeasible                           24.0000   648183         
    140   113       24.0000  1423                     24.0000   653607         
    141   112    infeasible                           24.0000   656878         
    143   114       24.0000  1346                     24.0000   663733         
    144   115       24.0000  1290                     24.0000   668203         
    145   116       24.0000  1229                     24.0000   674142         
    146   117       24.0000  1183                     24.0000   680203         
    148   118       24.0000  1117                     24.0000   685061         
    150    98       28.0000   736                     24.0000   584132         
    158   129       28.0000   709                     24.0000   683115         
Elapsed time = 1822.62 sec. (287831.23 ticks, tree = 1.29 MB, solutions = 0)
    163   133       28.0000   672                     24.0000   688783         
    171   139       28.0000   656                     24.0000   696299         
    176   117    infeasible                           24.0000   710125         
    177   124       24.0000  1745                     24.0000   687719         
    182   145       28.0000   634                     24.0000   704525         
    189   149       28.0000   638                     24.0000   710919         
    196   127       24.0000  1647                     24.0000   695631         
    201   157       28.0000   610                     24.0000   729552         
    206   160       28.0000   595                     24.0000   735925         
    210   162       28.0000   586                     24.0000   745364         
Elapsed time = 1893.26 sec. (299796.77 ticks, tree = 1.42 MB, solutions = 0)
    217   167       28.0000   583                     24.0000   753324         
    221   171       28.0000   577                     24.0000   761577         
    227   175       28.0000   547                     24.0000   768546         
    230   131       24.0000  1385                     24.0000   720278         
    234   139       24.0000  2126                     24.0000   779809         
    238   182       28.0000   519                     24.0000   793759         
    242   185       28.0000   486                     24.0000   800520         
    248   210       28.0000   476                     24.0000   960593         
    249   211       28.0000   476                     24.0000   969917         
    265   222       28.0000   375                     24.0000   996607         
Elapsed time = 1983.61 sec. (314698.57 ticks, tree = 2.54 MB, solutions = 0)
    274   149    infeasible                           24.0000   873373         
    286   140       24.0000  1636                     24.0000   782536         
    298   217       24.0000  1575                     24.0000   985364         
    316   236       28.0000   241                     24.0000  1069785         
    330   237    infeasible                           24.0000  1130877         
    352   238       26.0000  1189                     24.0000  1147777         
    367   219       24.0000  1523                     24.0000  1029449         
    382   221       24.0000  1447                     24.0000  1041733         
    395   285       28.0000   247                     24.0000  1375006         
    405   288       28.0000   242                     24.0000  1402298         
Elapsed time = 2221.57 sec. (355195.44 ticks, tree = 3.33 MB, solutions = 0)
    420   285    infeasible                           24.0000  1476620         
*   441   265      integral     0       28.0000       24.0000  1455712   14.29%
    452   167       25.0000  1119       28.0000       24.0000  1772137   14.29%
    469   170    infeasible             28.0000       24.0000  1782566   14.29%
    492   279       24.0000  1238       28.0000       24.0000  1435467   14.29%
    508   172       24.0000  1506       28.0000       24.0000  1806011   14.29%
    516   292       24.1500  1375       28.0000       24.0000  1516885   14.29%
    531   168       25.0000  1187       28.0000       24.0000  1685024   14.29%
    553   172    infeasible             28.0000       24.0000  1893511   14.29%
    579   182       24.0000  1210       28.0000       24.0000  1824521   14.29%
Elapsed time = 2470.65 sec. (394782.18 ticks, tree = 2.26 MB, solutions = 1)
    598   189       24.3000  1114       28.0000       24.0000  1978993   14.29%
    621   205       24.3000  1324       28.0000       24.0000  2020267   14.29%
    644   207       24.3000  1323       28.0000       24.0000  2033812   14.29%
    670   177    infeasible             28.0000       24.0000  1957299   14.29%
    687   209       24.3725  1160       28.0000       24.0000  2059091   14.29%
    706   211       24.8148  1046       28.0000       24.0000  2076136   14.29%
    727   224       24.0000  1285       28.0000       24.0000  2183746   14.29%
    743   244       26.0000   992       28.0000       24.0000  2276000   14.29%
    765   229    infeasible             28.0000       24.0000  2206161   14.29%
    779   260    infeasible             28.0000       24.0000  2456523   14.29%
Elapsed time = 2722.51 sec. (435488.54 ticks, tree = 3.96 MB, solutions = 1)
    805   261    infeasible             28.0000       24.0000  2468432   14.29%
    826   281    infeasible             28.0000       24.0000  2580650   14.29%
    852   278       24.2333  1178       28.0000       24.0000  2515950   14.29%
    869   297    infeasible             28.0000       24.0000  2758137   14.29%
    892   301    infeasible             28.0000       24.0000  2771937   14.29%
    919   279       26.0000  1044       28.0000       24.0000  2568938   14.29%
    942   301       24.1818  1250       28.0000       24.0000  2803059   14.29%
    973   296       26.0000  1318       28.0000       24.0000  2707457   14.29%
   1013   299       24.0000  1199       28.0000       24.0000  2961413   14.29%
   1040   305       26.0000   923       28.0000       24.0000  2895373   14.29%
Elapsed time = 2950.60 sec. (474672.33 ticks, tree = 5.41 MB, solutions = 1)
   1058   338       25.0000  1350       28.0000       24.0000  3118787   14.29%
   1077   313       24.2667  1161       28.0000       24.0000  3060727   14.29%
   1100   315       26.0000  1075       28.0000       24.0000  3077918   14.29%
   1125   336       24.0000  1453       28.0000       24.0000  3159468   14.29%
   1147   330       24.2381  1195       28.0000       24.0000  3184564   14.29%
   1168   341    infeasible             28.0000       24.0000  3294372   14.29%
   1189   334       26.0000  1000       28.0000       24.0000  3223727   14.29%
   1206   343    infeasible             28.0000       24.0000  3322144   14.29%
   1219   377       24.0000  1337       28.0000       24.0000  3614359   14.29%
   1234   369       24.0000  1081       28.0000       24.0000  3541509   14.29%
Elapsed time = 3184.73 sec. (514673.78 ticks, tree = 5.98 MB, solutions = 1)
   1243   388    infeasible             28.0000       24.0000  3709853   14.29%
   1254   383       24.0455  1168       28.0000       24.0000  3661942   14.29%
   1268   385       24.0455  1178       28.0000       24.0000  3678723   14.29%
   1283   367    infeasible             28.0000       24.0000  3600889   14.29%
   1297   393    infeasible             28.0000       24.0000  3833401   14.29%
   1316   396       24.0000  1192       28.0000       24.0000  3873814   14.29%
   1336   397       25.0476  1230       28.0000       24.0000  3962156   14.29%
   1351   397    infeasible             28.0000       24.0000  3910796   14.29%
   1363   398       24.0455  1196       28.0000       24.0000  3928050   14.29%
   1375   408    infeasible             28.0000       24.0000  4205026   14.29%
Elapsed time = 3415.43 sec. (556108.04 ticks, tree = 6.10 MB, solutions = 1)
   1384   416    infeasible             28.0000       24.0000  4332637   14.29%
   1396   409       26.0000  1012       28.0000       24.0000  4249711   14.29%
   1404   414    infeasible             28.0000       24.0000  4554955   14.29%
   1419   413    infeasible             28.0000       24.0000  4570491   14.29%
   1441   413    infeasible             28.0000       24.0000  4584669   14.29%
   1453   421       24.0000  1256       28.0000       24.0000  4490371   14.29%
   1470   414       25.0000  1244       28.0000       24.0000  4609607   14.29%
   1491   413       24.0000  1461       28.0000       24.0000  4620857   14.29%
   1512   424       26.0000  1069       28.0000       24.0000  4661217   14.29%
   1534   430    infeasible             28.0000       24.0000  4778375   14.29%
Elapsed time = 3661.18 sec. (596661.57 ticks, tree = 6.50 MB, solutions = 1)
   1557   437       25.0625  1140       28.0000       24.0000  4832164   14.29%
   1582   442       25.1029  1090       28.0000       24.0000  4848169   14.29%
   1596   433    infeasible             28.0000       24.0000  5010993   14.29%
   1609   451       24.0000  1196       28.0000       24.0000  5059479   14.29%
   1621   434    infeasible             28.0000       24.0000  5042662   14.29%
   1635   451    infeasible             28.0000       24.0000  5091697   14.29%
   1649   452       24.0000  1093       28.0000       24.0000  5107056   14.29%
   1669   462       24.0000  1329       28.0000       24.0000  5144345   14.29%
   1691   465       24.0417  1079       28.0000       24.0000  5162799   14.29%
   1715   464       24.0417  1151       28.0000       24.0000  5170039   14.29%
Elapsed time = 3907.09 sec. (636713.82 ticks, tree = 7.95 MB, solutions = 1)
   1740   470    infeasible             28.0000       24.0000  5321248   14.29%
   1760   469       25.0000  1204       28.0000       24.0000  5278246   14.29%
   1793   471       24.1791  1136       28.0000       24.0000  5293670   14.29%
   1825   489    infeasible             28.0000       24.0000  5556100   14.29%
   1863   515       26.0000   801       28.0000       24.0000  5574907   14.29%
   1893   499       24.1500  1207       28.0000       24.0000  5643564   14.29%
   1906   475       24.0000  1224       28.0000       24.0000  5536022   14.29%
   1920   479       24.5833  1149       28.0000       24.0000  5552512   14.29%
   1935   507       26.0000  1035       28.0000       24.0000  5694588   14.29%
   1966   498    infeasible             28.0000       24.0000  5784508   14.29%
Elapsed time = 4133.30 sec. (675693.14 ticks, tree = 8.60 MB, solutions = 1)
   2017   583       26.0000   677       28.0000       24.0000  5826439   14.29%
   2071   625       26.0000   628       28.0000       24.0000  5845978   14.29%
   2086   504       24.2596  1083       28.0000       24.0000  5751882   14.29%
*  2090+  550                           26.0000       24.0000             7.69%
   2111   582    infeasible             26.0000       24.0000  5959520    7.69%
   2144   411    infeasible             26.0000       24.0000  6066769    7.69%
   2164   413       24.0000  1234       26.0000       24.0000  6140809    7.69%
   2183   411       24.0000  1067       26.0000       24.0000  6158395    7.69%
   2208   416    infeasible             26.0000       24.0000  6237386    7.69%
   2233   408    infeasible             26.0000       24.0000  6187479    7.69%
   2260   407    infeasible             26.0000       24.0000  6201271    7.69%
Elapsed time = 4359.04 sec. (715050.64 ticks, tree = 6.35 MB, solutions = 2)
   2279   410       24.0000  1289       26.0000       24.0000  6408320    7.69%
   2299   413       24.2727  1436       26.0000       24.0000  6417313    7.69%
   2326   424       24.2727  1349       26.0000       24.0000  6428282    7.69%
   2347   429    infeasible             26.0000       24.0000  6442463    7.69%
   2365   447       24.0000  1262       26.0000       24.0000  6578876    7.69%
   2398   443       24.0000  1275       26.0000       24.0000  6628240    7.69%
   2427   444       24.0000  1194       26.0000       24.0000  6639079    7.69%
   2450   450       24.0000  1330       26.0000       24.0000  6611848    7.69%
   2480   473       24.0000  1455       26.0000       24.0000  6742307    7.69%
   2508   473    infeasible             26.0000       24.0000  6726500    7.69%
Elapsed time = 4603.44 sec. (754463.42 ticks, tree = 7.62 MB, solutions = 2)
   2527   447       24.0000  1460       26.0000       24.0000  6686453    7.69%
   2567   484       24.0000  1238       26.0000       24.0000  6882687    7.69%
   2596   476       24.0000  1140       26.0000       24.0000  6859862    7.69%
   2623   480       24.0000  1232       26.0000       24.0000  6872425    7.69%
   2652   495       24.0000  1028       26.0000       24.0000  6932636    7.69%
   2689   508       24.0000  1278       26.0000       24.0000  7043123    7.69%
   2730   502    infeasible             26.0000       24.0000  7025533    7.69%
   2773   505       24.0000  1236       26.0000       24.0000  7037572    7.69%
   2806   520    infeasible             26.0000       24.0000  7144087    7.69%
   2835   522    infeasible             26.0000       24.0000  7157475    7.69%
Elapsed time = 4837.81 sec. (793722.12 ticks, tree = 8.69 MB, solutions = 2)
   2861   527       24.0000  1188       26.0000       24.0000  7111717    7.69%
   2886   553       24.0000  1330       26.0000       24.0000  7376782    7.69%
   2913   557    infeasible             26.0000       24.0000  7391621    7.69%
   2934   533       24.0000  1054       26.0000       24.0000  7332883    7.69%
   2952   563    infeasible             26.0000       24.0000  7414088    7.69%
   2966   556    infeasible             26.0000       24.0000  7451729    7.69%
   2995   567    infeasible             26.0000       24.0000  7535658    7.69%
   3021   559       24.0000  1046       26.0000       24.0000  7482796    7.69%
   3042   568       24.0000  1104       26.0000       24.0000  7637818    7.69%
   3063   559    infeasible             26.0000       24.0000  7520653    7.69%
Elapsed time = 5070.42 sec. (833539.28 ticks, tree = 9.28 MB, solutions = 2)
   3083   557    infeasible             26.0000       24.0000  7539531    7.69%
   3112   565    infeasible             26.0000       24.0000  7586450    7.69%
   3140   572       24.0000  1217       26.0000       24.0000  7776773    7.69%
   3163   574       24.0000  1240       26.0000       24.0000  7970943    7.69%
   3182   567    infeasible             26.0000       24.0000  7870694    7.69%
   3215   560    infeasible             26.0000       24.0000  7885496    7.69%
   3253   572    infeasible             26.0000       24.0000  7881368    7.69%
   3280   577    infeasible             26.0000       24.0000  8119364    7.69%
   3304   587    infeasible             26.0000       24.0000  8029743    7.69%
   3328   574       24.0000  1171       26.0000       24.0000  8229224    7.69%
Elapsed time = 5302.15 sec. (872932.40 ticks, tree = 9.65 MB, solutions = 2)
   3363   581    infeasible             26.0000       24.0000  8202543    7.69%
   3398   583       24.0000  1250       26.0000       24.0000  8325770    7.69%
   3424   585       24.0000  1224       26.0000       24.0000  8338782    7.69%
   3448   589       24.0000  1163       26.0000       24.0000  8399957    7.69%
   3474   586    infeasible             26.0000       24.0000  8366707    7.69%
   3494   591    infeasible             26.0000       24.0000  8545203    7.69%
   3508   591    infeasible             26.0000       24.0000  8557980    7.69%
   3534   592    infeasible             26.0000       24.0000  8575791    7.69%
   3572   603       24.0000  1233       26.0000       24.0000  8672364    7.69%
   3609   601       24.0000  1343       26.0000       24.0000  8731879    7.69%
Elapsed time = 5538.47 sec. (912427.89 ticks, tree = 9.68 MB, solutions = 2)
   3647   595       24.0000  1023       26.0000       24.0000  8678579    7.69%
   3684   597       24.0000  1157       26.0000       24.0000  8694801    7.69%
   3710   607       24.0000  1274       26.0000       24.0000  8842093    7.69%
   3742   596    infeasible             26.0000       24.0000  8746357    7.69%
   3770   610    infeasible             26.0000       24.0000  8875501    7.69%
   3791   607    infeasible             26.0000       24.0000  8819548    7.69%
   3817   608       24.0000  1344       26.0000       24.0000  9011073    7.69%
   3842   611    infeasible             26.0000       24.0000  9022483    7.69%
   3871   615       24.0000  1283       26.0000       24.0000  9160354    7.69%
   3900   611       24.0000  1236       26.0000       24.0000  9058190    7.69%
Elapsed time = 5767.33 sec. (951853.30 ticks, tree = 10.03 MB, solutions = 2)
   3930   614       24.0000  1190       26.0000       24.0000  9186920    7.69%
   3952   615       24.0000  1068       26.0000       24.0000  9205443    7.69%
   3979   625       24.0000  1097       26.0000       24.0000  9399486    7.69%
   4005   621    infeasible             26.0000       24.0000  9417380    7.69%
   4036   619       24.0000  1234       26.0000       24.0000  9394364    7.69%
   4060   625       24.0000  1123       26.0000       24.0000  9542427    7.69%
   4079   623       24.0000  1267       26.0000       24.0000  9557422    7.69%
   4113   622    infeasible             26.0000       24.0000  9644529    7.69%
   4145   624    infeasible             26.0000       24.0000  9766110    7.69%
   4181   626       24.0000  1140       26.0000       24.0000  9601324    7.69%
Elapsed time = 6003.59 sec. (992013.18 ticks, tree = 10.10 MB, solutions = 2)
   4204   621    infeasible             26.0000       24.0000  9880203    7.69%
   4224   618    infeasible             26.0000       24.0000  9940894    7.69%
   4251   628    infeasible             26.0000       24.0000  9785277    7.69%
   4274   627    infeasible             26.0000       24.0000 10088389    7.69%
   4293   627    infeasible             26.0000       24.0000 10055916    7.69%
   4321   617       24.0000  1284       26.0000       24.0000  9996262    7.69%
   4346   616    infeasible             26.0000       24.0000 10010444    7.69%
   4374   616    infeasible             26.0000       24.0000 10021074    7.69%
   4402   629       24.0000  1135       26.0000       24.0000 10116138    7.69%
   4429   619    infeasible             26.0000       24.0000 10369833    7.69%
Elapsed time = 6232.44 sec. (1031363.87 ticks, tree = 10.20 MB, solutions = 2)
   4459   624       24.0000  1463       26.0000       24.0000 10383481    7.69%
   4497   622    infeasible             26.0000       24.0000 10485893    7.69%
   4532   621       24.0000  1293       26.0000       24.0000 10330495    7.69%
   4564   622       24.0000  1254       26.0000       24.0000 10342709    7.69%
   4592   625    infeasible             26.0000       24.0000 10531182    7.69%
   4630   629       24.0000  1138       26.0000       24.0000 10676948    7.69%
   4657   635    infeasible             26.0000       24.0000 10774180    7.69%
   4696   647    infeasible             26.0000       24.0000 10655784    7.69%
   4733   631       24.0000  1218       26.0000       24.0000 10723318    7.69%
   4757   660    infeasible             26.0000       24.0000 10983320    7.69%
Elapsed time = 6462.88 sec. (1070724.12 ticks, tree = 10.67 MB, solutions = 2)
   4792   630    infeasible             26.0000       24.0000 10754847    7.69%
   4824   659    infeasible             26.0000       24.0000 11008767    7.69%
   4854   664       24.0000  1181       26.0000       24.0000 11021535    7.69%
   4876   662    infeasible             26.0000       24.0000 11035622    7.69%
   4892   661    infeasible             26.0000       24.0000 11049724    7.69%
   4907   666       24.0000  1158       26.0000       24.0000 11062999    7.69%
   4913   661       24.0000  1023       26.0000       24.0000 11402963    7.69%
   4914   662       24.0000  2021       26.0000       24.0000 11426097    7.69%
   4916   663       24.0000  1770       26.0000       24.0000 11439665    7.69%
   4920   662       24.0000  2027       26.0000       24.0000 11475150    7.69%
Elapsed time = 7332.09 sec. (1236385.70 ticks, tree = 14.29 MB, solutions = 2)
   4924   595       24.0000  2024       26.0000       24.0000 11557619    7.69%
   4926   595       24.0000  2297       26.0000       24.0000 11567287    7.69%
   4928   596       24.0000  2085       26.0000       24.0000 11568925    7.69%
   4935   142       24.0000  2042       26.0000       24.0000 11544516    7.69%
   4940   117       24.0000  2352       26.0000       24.0000 11591538    7.69%
   4943    99       24.0000  2243       26.0000       24.0000 11581444    7.69%
   4949    90       24.0000  2181       26.0000       24.0000 11596697    7.69%
   4950    77       24.0000  2225       26.0000       24.0000 11584001    7.69%
   4953    74       24.0000  2102       26.0000       24.0000 11612352    7.69%
   4959    83       24.0000  1865       26.0000       24.0000 11635676    7.69%
Elapsed time = 7687.94 sec. (1287425.54 ticks, tree = 1.17 MB, solutions = 2)
   4964    84       24.0000  1579       26.0000       24.0000 11645909    7.69%
   4969    72       24.0000  2084       26.0000       24.0000 11667191    7.69%
   4982    59       24.0000  2187       26.0000       24.0000 11685760    7.69%
   4999    56       24.0000  1464       26.0000       24.0000 11709584    7.69%
   5009    71       24.0000  2068       26.0000       24.0000 11694262    7.69%
   5013    57       24.0000  1798       26.0000       24.0000 11677073    7.69%
   5021    74       24.0000  1575       26.0000       24.0000 11721237    7.69%
   5041    74    infeasible             26.0000       24.0000 11730901    7.69%
   5058    76       24.0000  1974       26.0000       24.0000 11738584    7.69%
   5079    84       24.0000  1970       26.0000       24.0000 11761689    7.69%
Elapsed time = 8009.36 sec. (1331458.41 ticks, tree = 0.33 MB, solutions = 2)
   5092    77    infeasible             26.0000       24.0000 11774026    7.69%
   5110    82       24.0000  1890       26.0000       24.0000 11752950    7.69%
   5130    95       24.0000  1012       26.0000       24.0000 11828625    7.69%
   5153   111    infeasible             26.0000       24.0000 11855162    7.69%
   5177   135       24.0000  1826       26.0000       24.0000 11861162    7.69%
   5194   136       24.0000  1220       26.0000       24.0000 11916627    7.69%
   5220   174       24.0000  1570       26.0000       24.0000 11971682    7.69%
   5247   181       24.0000  1359       26.0000       24.0000 11980032    7.69%
   5281   183    infeasible             26.0000       24.0000 11992864    7.69%
   5312   151    infeasible             26.0000       24.0000 11968576    7.69%
Elapsed time = 8294.23 sec. (1371694.01 ticks, tree = 1.35 MB, solutions = 2)
   5335   170       24.0000  2260       26.0000       24.0000 11987921    7.69%
   5356   201    infeasible             26.0000       24.0000 12190009    7.69%
   5377   202       24.0000  1216       26.0000       24.0000 12205195    7.69%
   5400   181       24.0000  1048       26.0000       24.0000 12131259    7.69%
   5428   178       24.0000  1290       26.0000       24.0000 12146779    7.69%
   5464   217       24.0000  1468       26.0000       24.0000 12239054    7.69%
   5501   224    infeasible             26.0000       24.0000 12324611    7.69%
   5531   231    infeasible             26.0000       24.0000 12382295    7.69%
   5559   227       24.0000  1326       26.0000       24.0000 12350941    7.69%
   5584   233       24.0000  1266       26.0000       24.0000 12413286    7.69%
Elapsed time = 8561.35 sec. (1411492.66 ticks, tree = 1.92 MB, solutions = 2)
   5609   244    infeasible             26.0000       24.0000 12478527    7.69%
   5631   247       24.0000  1215       26.0000       24.0000 12584995    7.69%
   5653   248    infeasible             26.0000       24.0000 12506568    7.69%
   5662   247    infeasible             26.0000       24.0000 12521923    7.69%
   5670   244    infeasible             26.0000       24.0000 12598469    7.69%
   5693   251       24.0000  1215       26.0000       24.0000 12694820    7.69%
   5720   254       24.0000  1316       26.0000       24.0000 12661340    7.69%
   5747   261       24.0000  1135       26.0000       24.0000 12693858    7.69%
   5777   254       24.0000  1195       26.0000       24.0000 12730952    7.69%
   5802   265    infeasible             26.0000       24.0000 12782903    7.69%
Elapsed time = 8814.12 sec. (1451453.66 ticks, tree = 2.34 MB, solutions = 2)
   5821   257       24.0000  1170       26.0000       24.0000 12763869    7.69%
   5840   265    infeasible             26.0000       24.0000 12807037    7.69%
   5850   280       24.0000  1369       26.0000       24.0000 12877651    7.69%
   5875   274       24.0000  1282       26.0000       24.0000 12899638    7.69%
   5914   287       24.0000  1142       26.0000       24.0000 12909617    7.69%
   5936   283    infeasible             26.0000       24.0000 12947845    7.69%
   5965   284    infeasible             26.0000       24.0000 12960546    7.69%
   5996   304       24.0000  1106       26.0000       24.0000 13063031    7.69%
   6026   300    infeasible             26.0000       24.0000 13080229    7.69%
   6060   296       24.0000  1281       26.0000       24.0000 13036003    7.69%
Elapsed time = 9058.60 sec. (1490332.70 ticks, tree = 2.73 MB, solutions = 2)
   6100   314    infeasible             26.0000       24.0000 13210793    7.69%
   6119   314       24.0000  1457       26.0000       24.0000 13267248    7.69%
   6135   313       24.0000  1187       26.0000       24.0000 13239124    7.69%
   6157   311    infeasible             26.0000       24.0000 13282775    7.69%
   6177   316    infeasible             26.0000       24.0000 13302686    7.69%
   6197   314       24.0000  1327       26.0000       24.0000 13248593    7.69%
   6218   310       24.0000  1254       26.0000       24.0000 13380055    7.69%
   6236   315    infeasible             26.0000       24.0000 13357318    7.69%
   6251   311       24.0000  1294       26.0000       24.0000 13303457    7.69%
   6283   312       24.0000  1276       26.0000       24.0000 13402198    7.69%
Elapsed time = 9318.50 sec. (1530448.34 ticks, tree = 2.75 MB, solutions = 2)
   6312   312       24.0000  1351       26.0000       24.0000 13414558    7.69%
   6337   315    infeasible             26.0000       24.0000 13503336    7.69%
   6349   315    infeasible             26.0000       24.0000 13515241    7.69%
   6358   314    infeasible             26.0000       24.0000 13528193    7.69%
   6368   314    infeasible             26.0000       24.0000 13539643    7.69%
   6382   315       24.0000  1276       26.0000       24.0000 13552639    7.69%
   6395   322       24.0000  1145       26.0000       24.0000 13583711    7.69%
   6402   314       24.0000  1377       26.0000       24.0000 13557178    7.69%
   6411   318       24.0000  1364       26.0000       24.0000 13611813    7.69%
   6416   319       24.0000  1377       26.0000       24.0000 13617484    7.69%
Elapsed time = 9594.67 sec. (1575554.05 ticks, tree = 2.75 MB, solutions = 2)
   6431   317       24.0000  1184       26.0000       24.0000 13654749    7.69%
   6448   315    infeasible             26.0000       24.0000 13670674    7.69%
   6460   318    infeasible             26.0000       24.0000 13716718    7.69%
   6470   320    infeasible             26.0000       24.0000 13731844    7.69%
   6477   319    infeasible             26.0000       24.0000 13750404    7.69%
   6485   319    infeasible             26.0000       24.0000 13765196    7.69%
   6495   320    infeasible             26.0000       24.0000 13788048    7.69%
   6505   320    infeasible             26.0000       24.0000 13805109    7.69%
   6526   322       24.0000  1270       26.0000       24.0000 13811992    7.69%
   6556   321       24.0000  1227       26.0000       24.0000 13847807    7.69%
Elapsed time = 9843.63 sec. (1615903.14 ticks, tree = 2.73 MB, solutions = 2)
   6586   326       24.0000  1255       26.0000       24.0000 13837893    7.69%
   6607   327       24.0000  1212       26.0000       24.0000 13851296    7.69%
   6632   328       24.0000  1133       26.0000       24.0000 13860854    7.69%
   6652   334    infeasible             26.0000       24.0000 14005920    7.69%
   6679   331    infeasible             26.0000       24.0000 13985241    7.69%
   6706   329       24.0000  1292       26.0000       24.0000 14000993    7.69%
   6729   341       24.0000  1163       26.0000       24.0000 14079493    7.69%
   6762   339       24.0000  1412       26.0000       24.0000 14095029    7.69%
   6797   335    infeasible             26.0000       24.0000 14173721    7.69%
   6827   339    infeasible             26.0000       24.0000 14184763    7.69%
Elapsed time = 10083.15 sec. (1655428.14 ticks, tree = 2.86 MB, solutions = 2)
   6854   334       24.0000  1295       26.0000       24.0000 14253892    7.69%
   6879   335    infeasible             26.0000       24.0000 14268332    7.69%
   6906   333    infeasible             26.0000       24.0000 14397797    7.69%
   6928   334       24.0000  1172       26.0000       24.0000 14412185    7.69%
   6961   348       24.0000  1236       26.0000       24.0000 14503614    7.69%
   6996   350    infeasible             26.0000       24.0000 14552145    7.69%
   7027   350       24.0000  1269       26.0000       24.0000 14614988    7.69%
   7056   349       24.0000  1241       26.0000       24.0000 14578876    7.69%
   7092   353    infeasible             26.0000       24.0000 14713889    7.69%
   7132   354       24.0000  1302       26.0000       24.0000 14726919    7.69%
Elapsed time = 10334.49 sec. (1694588.95 ticks, tree = 3.02 MB, solutions = 2)
   7175   358       24.0000  1185       26.0000       24.0000 14708822    7.69%
   7211   356    infeasible             26.0000       24.0000 14723607    7.69%
   7240   358    infeasible             26.0000       24.0000 14857925    7.69%
   7274   356    infeasible             26.0000       24.0000 14820169    7.69%
   7313   365       24.0000  1281       26.0000       24.0000 15015039    7.69%
   7339   361    infeasible             26.0000       24.0000 14898779    7.69%
   7369   371       24.0000  1171       26.0000       24.0000 14960089    7.69%
   7401   365       24.0000  1278       26.0000       24.0000 15057336    7.69%
   7431   366    infeasible             26.0000       24.0000 15128813    7.69%
   7457   372       24.0000  1185       26.0000       24.0000 15156398    7.69%
Elapsed time = 10572.44 sec. (1734099.99 ticks, tree = 3.15 MB, solutions = 2)
   7495   371    infeasible             26.0000       24.0000 15306999    7.69%
   7524   375       24.0000  1153       26.0000       24.0000 15264249    7.69%
   7554   374    infeasible             26.0000       24.0000 15279802    7.69%
   7586   368       24.0000  1155       26.0000       24.0000 15400467    7.69%
   7615   367       24.0000  1228       26.0000       24.0000 15416125    7.69%
   7646   370    infeasible             26.0000       24.0000 15607705    7.69%
   7673   369       24.0000  1254       26.0000       24.0000 15622388    7.69%
   7704   376       24.0000  1256       26.0000       24.0000 15673743    7.69%
   7731   369       24.0000  1284       26.0000       24.0000 15650745    7.69%
   7758   377       24.0000  1214       26.0000       24.0000 15703002    7.69%
Elapsed time = 10818.90 sec. (1773375.32 ticks, tree = 3.14 MB, solutions = 2)
   7783   379       24.0000  1084       26.0000       24.0000 15749936    7.69%
   7811   378       24.0000  1066       26.0000       24.0000 15765808    7.69%
   7835   379    infeasible             26.0000       24.0000 15933874    7.69%
   7861   379       24.0000  1176       26.0000       24.0000 15951465    7.69%
   7891   379       24.0000  1256       26.0000       24.0000 16003520    7.69%
   7923   379       24.0000  1246       26.0000       24.0000 16015060    7.69%
   7946   381       24.0000  1148       26.0000       24.0000 16029831    7.69%
   7972   379       24.0000  1262       26.0000       24.0000 16202909    7.69%
   8000   380       24.0000  1013       26.0000       24.0000 16167718    7.69%
   8026   379       24.0000  1464       26.0000       24.0000 16288966    7.69%
Elapsed time = 11070.54 sec. (1812890.31 ticks, tree = 3.10 MB, solutions = 2)
   8062   376       24.0000  1188       26.0000       24.0000 16309388    7.69%
   8090   377       24.0000  1188       26.0000       24.0000 16322838    7.69%
   8121   383    infeasible             26.0000       24.0000 16319551    7.69%
   8155   390       24.0000  1254       26.0000       24.0000 16479902    7.69%
   8184   383       24.0000  1190       26.0000       24.0000 16391937    7.69%
   8212   384       24.0000  1255       26.0000       24.0000 16402726    7.69%
   8237   389    infeasible             26.0000       24.0000 16521092    7.69%
   8254   383    infeasible             26.0000       24.0000 16491362    7.69%
   8266   391    infeasible             26.0000       24.0000 16581950    7.69%
   8284   389    infeasible             26.0000       24.0000 16639826    7.69%
Elapsed time = 11315.63 sec. (1851988.16 ticks, tree = 3.14 MB, solutions = 2)
   8314   389       24.0000  1361       26.0000       24.0000 16688561    7.69%
   8342   390       24.0000  1156       26.0000       24.0000 16668688    7.69%
   8368   390    infeasible             26.0000       24.0000 16682410    7.69%
   8394   395       24.0000  1023       26.0000       24.0000 16842820    7.69%
   8419   402       24.0000  1153       26.0000       24.0000 16909793    7.69%
   8442   401    infeasible             26.0000       24.0000 16925732    7.69%
   8469   397       24.0000  1107       26.0000       24.0000 16883674    7.69%
   8513   406       24.0000  1054       26.0000       24.0000 17054494    7.69%
   8550   405    infeasible             26.0000       24.0000 17070873    7.69%
   8582   401       24.0000  1134       26.0000       24.0000 16996099    7.69%
Elapsed time = 11550.70 sec. (1890967.65 ticks, tree = 3.32 MB, solutions = 2)
   8618   405       24.0000  1371       26.0000       24.0000 17143191    7.69%
   8658   405    infeasible             26.0000       24.0000 17222524    7.69%
   8691   412    infeasible             26.0000       24.0000 17169679    7.69%
   8721   407       24.0000  1213       26.0000       24.0000 17247487    7.69%
   8751   405       24.0000  1264       26.0000       24.0000 17262517    7.69%
   8778   404    infeasible             26.0000       24.0000 17286550    7.69%
   8804   411    infeasible             26.0000       24.0000 17412706    7.69%
   8829   414       24.0000  1244       26.0000       24.0000 17532363    7.69%
   8854   414       24.0000  1263       26.0000       24.0000 17667800    7.69%
   8880   414    infeasible             26.0000       24.0000 17679746    7.69%
Elapsed time = 11800.17 sec. (1930599.03 ticks, tree = 3.31 MB, solutions = 2)
   8916   416    infeasible             26.0000       24.0000 17647233    7.69%
   8947   414    infeasible             26.0000       24.0000 17742966    7.69%
   8979   416    infeasible             26.0000       24.0000 17798030    7.69%
   9010   429    infeasible             26.0000       24.0000 17878709    7.69%
   9043   428    infeasible             26.0000       24.0000 17894402    7.69%
   9078   429       24.0000  1001       26.0000       24.0000 17966235    7.69%
   9097   420       24.0000  1185       26.0000       24.0000 17853260    7.69%
   9118   422    infeasible             26.0000       24.0000 18052741    7.69%
   9139   427    infeasible             26.0000       24.0000 18148957    7.69%
   9154   423       24.0000  1052       26.0000       24.0000 18083564    7.69%
Elapsed time = 12040.22 sec. (1969683.44 ticks, tree = 3.44 MB, solutions = 2)
   9176   426    infeasible             26.0000       24.0000 18179256    7.69%
   9212   431       24.0000  1049       26.0000       24.0000 18303379    7.69%
   9243   431    infeasible             26.0000       24.0000 18256620    7.69%
   9271   431       24.0000  1289       26.0000       24.0000 18352389    7.69%
   9299   433    infeasible             26.0000       24.0000 18365631    7.69%
   9334   434       24.0000  1154       26.0000       24.0000 18378579    7.69%
   9366   432    infeasible             26.0000       24.0000 18490098    7.69%
   9397   431    infeasible             26.0000       24.0000 18504528    7.69%
   9428   436       24.0000  1354       26.0000       24.0000 18482596    7.69%
   9459   438       24.0000  1306       26.0000       24.0000 18722062    7.69%
Elapsed time = 12285.78 sec. (2008954.93 ticks, tree = 3.48 MB, solutions = 2)
   9501   434    infeasible             26.0000       24.0000 18543813    7.69%
   9543   428    infeasible             26.0000       24.0000 18689767    7.69%
   9567   429    infeasible             26.0000       24.0000 18702633    7.69%
   9589   431    infeasible             26.0000       24.0000 18714923    7.69%
   9603   442    infeasible             26.0000       24.0000 18823948    7.69%
   9622   444       24.0000  1232       26.0000       24.0000 18835560    7.69%
   9635   450       24.0000  1289       26.0000       24.0000 18920740    7.69%
   9652   448    infeasible             26.0000       24.0000 18935579    7.69%
   9667   445    infeasible             26.0000       24.0000 18952478    7.69%
   9683   450       24.0000  1184       26.0000       24.0000 18967070    7.69%
Elapsed time = 12526.47 sec. (2048853.14 ticks, tree = 3.62 MB, solutions = 2)
   9697   450    infeasible             26.0000       24.0000 18982637    7.69%
   9714   456    infeasible             26.0000       24.0000 18993496    7.69%
   9730   457       24.0000  1293       26.0000       24.0000 19070506    7.69%
   9749   455       24.0000  1430       26.0000       24.0000 19085242    7.69%
   9771   457    infeasible             26.0000       24.0000 19098043    7.69%
   9802   455       24.0000  1294       26.0000       24.0000 19217380    7.69%
   9827   460    infeasible             26.0000       24.0000 19152622    7.69%
   9855   459    infeasible             26.0000       24.0000 19244419    7.69%
   9881   457       24.0000  1146       26.0000       24.0000 19274800    7.69%
   9905   455    infeasible             26.0000       24.0000 19358914    7.69%
Elapsed time = 12765.91 sec. (2088401.45 ticks, tree = 3.60 MB, solutions = 2)
   9929   455       24.0000  1201       26.0000       24.0000 19303828    7.69%
   9947   456    infeasible             26.0000       24.0000 19464549    7.69%
   9973   456       24.0000  1070       26.0000       24.0000 19333290    7.69%
  10002   459    infeasible             26.0000       24.0000 19490563    7.69%
  10021   459    infeasible             26.0000       24.0000 19603380    7.69%
  10039   459    infeasible             26.0000       24.0000 19618557    7.69%
  10055   461       24.0000  1352       26.0000       24.0000 19631649    7.69%
  10073   461    infeasible             26.0000       24.0000 19574122    7.69%
  10083   466    infeasible             26.0000       24.0000 19659432    7.69%
  10090   465    infeasible             26.0000       24.0000 19680301    7.69%
Elapsed time = 13006.44 sec. (2128356.14 ticks, tree = 3.59 MB, solutions = 2)
  10101   466    infeasible             26.0000       24.0000 19694150    7.69%
  10108   463    infeasible             26.0000       24.0000 19711374    7.69%
  10123   468       24.0000  1123       26.0000       24.0000 19770038    7.69%
  10142   468       24.0000  1216       26.0000       24.0000 19783357    7.69%
  10157   468    infeasible             26.0000       24.0000 19798780    7.69%
  10176   461    infeasible             26.0000       24.0000 19770371    7.69%
  10195   469       24.0000  1066       26.0000       24.0000 19826645    7.69%
  10219   462       24.0000  1132       26.0000       24.0000 19944845    7.69%
  10242   462    infeasible             26.0000       24.0000 19960586    7.69%
  10260   462       24.0000  1186       26.0000       24.0000 19976444    7.69%
Elapsed time = 13258.93 sec. (2168521.44 ticks, tree = 3.68 MB, solutions = 2)
  10277   461    infeasible             26.0000       24.0000 19992133    7.69%
  10301   478       24.0000  1166       26.0000       24.0000 19903509    7.69%
  10321   480    infeasible             26.0000       24.0000 19921902    7.69%
  10346   470    infeasible             26.0000       24.0000 20100576    7.69%
  10367   499    infeasible             26.0000       24.0000 20187328    7.69%
  10392   492       24.0000  1118       26.0000       24.0000 20122305    7.69%
  10430   492       24.0000  1113       26.0000       24.0000 20338522    7.69%
  10461   492    infeasible             26.0000       24.0000 20310031    7.69%
  10493   510       24.0000  1124       26.0000       24.0000 20240027    7.69%
  10523   516       24.0000  1215       26.0000       24.0000 20511522    7.69%
Elapsed time = 13506.79 sec. (2208385.02 ticks, tree = 4.10 MB, solutions = 2)
  10550   518       24.0000  1123       26.0000       24.0000 20526585    7.69%
  10577   495    infeasible             26.0000       24.0000 20404523    7.69%
  10604   495       24.0000  1121       26.0000       24.0000 20421368    7.69%
  10627   520       24.0000  1059       26.0000       24.0000 20576912    7.69%
  10648   519       24.0000  1200       26.0000       24.0000 20580146    7.69%
  10671   524    infeasible             26.0000       24.0000 20665519    7.69%
  10694   522    infeasible             26.0000       24.0000 20682508    7.69%
  10721   522       24.0000  1087       26.0000       24.0000 20698826    7.69%
  10747   530    infeasible             26.0000       24.0000 20899079    7.69%
  10780   534       24.0000   975       26.0000       24.0000 20971961    7.69%
Elapsed time = 13749.92 sec. (2248297.96 ticks, tree = 4.23 MB, solutions = 2)
  10811   531    infeasible             26.0000       24.0000 20857587    7.69%
  10842   536    infeasible             26.0000       24.0000 21078568    7.69%
  10871   529       24.0000  1183       26.0000       24.0000 20888181    7.69%
  10902   538       24.0000  1074       26.0000       24.0000 21037544    7.69%
  10934   546       24.0000  1095       26.0000       24.0000 21264132    7.69%
  10975   547    infeasible             26.0000       24.0000 21377248    7.69%
  11013   542       24.0000  1064       26.0000       24.0000 21202083    7.69%
  11047   546    infeasible             26.0000       24.0000 21313420    7.69%
  11080   543       24.0000  1009       26.0000       24.0000 21235369    7.69%
  11114   543    infeasible             26.0000       24.0000 21251383    7.69%
Elapsed time = 13994.98 sec. (2287991.30 ticks, tree = 4.40 MB, solutions = 2)
  11147   544    infeasible             26.0000       24.0000 21353993    7.69%
  11177   552    infeasible             26.0000       24.0000 21545503    7.69%
  11209   554    infeasible             26.0000       24.0000 21560321    7.69%
  11235   558       24.0000  1157       26.0000       24.0000 21646348    7.69%
  11255   560    infeasible             26.0000       24.0000 21846258    7.69%
  11286   559    infeasible             26.0000       24.0000 21677936    7.69%
  11316   560    infeasible             26.0000       24.0000 21921550    7.69%
  11355   562    infeasible             26.0000       24.0000 21937432    7.69%
  11381   562    infeasible             26.0000       24.0000 22041564    7.69%
  11412   563    infeasible             26.0000       24.0000 22137932    7.69%
Elapsed time = 14238.65 sec. (2328089.55 ticks, tree = 4.40 MB, solutions = 2)
  11438   566       24.0000  1100       26.0000       24.0000 22150148    7.69%
  11476   562       24.0000  1007       26.0000       24.0000 22005786    7.69%
  11504   560       24.0000  1116       26.0000       24.0000 22109420    7.69%
  11522   563       24.0000  1031       26.0000       24.0000 22311422    7.69%
  11547   564       24.0000  1010       26.0000       24.0000 22327932    7.69%
  11569   563       24.0000  1131       26.0000       24.0000 22344530    7.69%
  11595   565    infeasible             26.0000       24.0000 22423923    7.69%

Cover cuts applied:  1

Root node processing (before b&c):
  Real time             =  300.69 sec. (53264.95 ticks)
Parallel b&c, 4 threads:
  Real time             = 14099.37 sec. (2302226.82 ticks)
  Sync time (average)   =  571.30 sec.
  Wait time (average)   =    0.04 sec.
                          ------------
Total (root+branch&cut) = 14400.06 sec. (2355491.77 ticks)
P#1 = 1.0
P#31 = 1.0
P#50 = 1.0
P#52 = 1.0
P#57 = 1.0
P#61 = 1.0
P#64 = 1.0
P#68 = 1.0
P#88 = 1.0
P#95 = 1.0
P#112 = 1.0
P#133 = 1.0
P#134 = 1.0
P#155 = 1.0
P#175 = 1.0
P#179 = 1.0
P#194 = 1.000000000000282
P#199 = 1.0
P#203 = 1.0
P#206 = 1.0
P#215 = 1.0
P#221 = 1.0
P#236 = 1.0
P#266 = 1.0
P#200 = 1.0
P#67 = 1.0
X#1#203 = 1.0
X#2#133 = 1.0
X#3#266 = 1.0
X#4#57 = 1.0
X#5#206 = 1.0
X#6#200 = 1.0
X#7#199 = 1.0
X#8#61 = 1.0
X#9#134 = 1.0
X#10#112 = 1.0
X#11#1 = 1.0
X#12#68 = 1.0
X#13#236 = 1.0
X#14#179 = 1.0
X#15#67 = 1.0
X#16#50 = 1.0
X#17#215 = 1.0
X#18#194 = 1.000000000000282
X#19#95 = 1.0
X#20#88 = 1.0
X#21#175 = 1.0
X#22#31 = 1.0
X#23#64 = 1.0
X#24#155 = 1.0
X#25#52 = 1.0
X#26#221 = 1.0
L#1#1 = 1.0
L#1#3 = 1.0
L#1#5 = 1.0
L#1#7 = 1.0
L#1#9 = 1.0
L#1#11 = 1.0
L#1#13 = 1.0
L#1#15 = 1.0
L#1#17 = 1.0
L#1#19 = 1.0
L#1#21 = 1.0
L#1#22 = 1.0
L#1#24 = 1.0
L#2#2 = 1.0
L#2#3 = 1.0
L#2#5 = 1.0
L#2#7 = 1.0
L#2#9 = 1.0
L#2#11 = 1.0
L#2#13 = 1.0
L#2#15 = 1.0
L#2#17 = 1.0
L#2#19 = 1.0
L#2#21 = 1.0
L#2#23 = 1.0
L#2#25 = 1.0
L#3#1 = 1.0
L#3#3 = 1.0
L#3#4 = 1.0
L#3#6 = 1.0
L#3#8 = 1.0
L#3#10 = 1.0
L#3#12 = 1.0
L#3#14 = 1.0
L#3#16 = 1.0
L#3#18 = 1.0
L#3#20 = 1.0
L#3#22 = 1.0
L#3#24 = 1.0
L#4#2 = 1.0
L#4#4 = 1.0
L#4#6 = 1.0
L#4#8 = 1.0
L#4#10 = 1.0
L#4#12 = 1.0
L#4#14 = 1.0
L#4#16 = 1.0
L#4#19 = 1.0
L#4#21 = 1.0
L#4#23 = 1.0
L#4#25 = 1.0
L#5#1 = 1.0
L#5#3 = 1.0
L#5#5 = 1.0
L#5#7 = 1.0
L#5#9 = 1.0
L#5#11 = 1.0
L#5#13 = 1.0
L#5#15 = 1.0
L#5#17 = 1.0
L#5#19 = 1.0
L#5#20 = 1.0
L#5#22 = 1.0
L#5#24 = 1.0
L#6#1 = 1.0
L#6#3 = 1.0
L#6#5 = 1.0
L#6#7 = 1.0
L#6#9 = 1.0
L#6#11 = 1.0
L#6#13 = 1.0
L#6#15 = 1.0
L#6#17 = 1.0
L#6#19 = 1.0
L#6#21 = 1.0
L#6#23 = 1.0
L#6#25 = 1.0
L#7#1 = 1.0
L#7#3 = 1.0
L#7#5 = 1.0
L#7#7 = 1.0
L#7#9 = 1.0
L#7#11 = 1.0
L#7#13 = 1.0
L#7#15 = 1.0
L#7#17 = 1.0
L#7#19 = 1.0
L#7#21 = 1.0
L#7#24 = 1.0
L#8#2 = 1.0
L#8#4 = 1.0
L#8#6 = 1.0
L#8#8 = 1.0
L#8#10 = 1.0
L#8#12 = 1.0
L#8#14 = 1.0
L#8#16 = 1.0
L#8#18 = 1.0
L#8#21 = 1.0
L#8#23 = 1.0
L#8#25 = 1.0
L#9#1 = 1.0
L#9#4 = 1.0
L#9#6 = 1.0
L#9#8 = 1.0
L#9#10 = 1.0
L#9#12 = 1.0
L#9#14 = 1.0
L#9#16 = 1.0
L#9#18 = 1.0
L#9#20 = 1.0
L#9#22 = 1.0
L#9#24 = 1.0
L#10#2 = 1.0
L#10#4 = 1.0
L#10#6 = 1.0
L#10#7 = 1.0
L#10#9 = 1.0
L#10#11 = 1.0
L#10#13 = 1.0
L#10#15 = 1.0
L#10#17 = 1.0
L#10#19 = 1.0
L#10#21 = 1.0
L#10#23 = 1.0
L#10#25 = 1.0
L#11#2 = 1.0
L#11#5 = 1.0
L#11#7 = 1.0
L#11#9 = 1.0
L#11#11 = 1.0
L#11#13 = 1.0
L#11#15 = 1.0
L#11#17 = 1.0
L#11#19 = 1.0
L#11#21 = 1.0
L#11#23 = 1.0
L#11#25 = 1.0
L#12#2 = 1.0
L#12#4 = 1.0
L#12#6 = 1.0
L#12#8 = 1.0
L#12#10 = 1.0
L#12#12 = 1.0
L#12#14 = 1.0
L#12#16 = 1.0
L#12#18 = 1.0
L#12#20 = 1.0
L#12#22 = 1.0
L#12#23 = 1.0
L#12#25 = 1.0
L#13#1 = 1.0
L#13#3 = 1.0
L#13#5 = 1.0
L#13#7 = 1.0
L#13#9 = 1.0
L#13#10 = 1.0
L#13#12 = 1.0
L#13#14 = 1.0
L#13#16 = 1.0
L#13#18 = 1.0
L#13#20 = 1.0
L#13#22 = 1.0
L#13#24 = 1.0
L#14#1 = 1.0
L#14#3 = 1.0
L#14#5 = 1.0
L#14#7 = 1.0
L#14#9 = 1.0
L#14#11 = 1.0
L#14#14 = 1.0
L#14#16 = 1.0
L#14#18 = 1.0
L#14#20 = 1.0
L#14#22 = 1.0
L#14#24 = 1.0
L#15#2 = 1.0
L#15#4 = 1.0
L#15#6 = 1.0
L#15#8 = 1.0
L#15#10 = 1.0
L#15#12 = 1.0
L#15#14 = 1.0
L#15#16 = 1.0
L#15#18 = 1.0
L#15#20 = 1.0
L#15#22 = 1.0
L#15#24 = 1.0
L#16#2 = 1.0
L#16#4 = 1.0
L#16#6 = 1.0
L#16#8 = 1.0
L#16#10 = 1.0
L#16#12 = 1.0
L#16#15 = 1.0
L#16#17 = 1.0
L#16#18 = 1.0
L#16#20 = 1.0
L#16#22 = 1.0
L#16#24 = 1.0
L#17#1 = 1.0
L#17#3 = 1.0
L#17#5 = 1.0
L#17#7 = 1.0
L#17#9 = 1.0
L#17#11 = 1.0
L#17#13 = 1.0
L#17#15 = 1.0
L#17#16 = 1.0
L#17#18 = 1.0
L#17#20 = 1.0
L#17#22 = 1.0
L#17#24 = 1.0
L#18#1 = 1.0
L#18#3 = 1.0
L#18#5 = 1.0
L#18#7 = 0.9999999999999051
L#18#9 = 1.0
L#18#11 = 1.0
L#18#13 = 1.0
L#18#15 = 1.0
L#18#17 = 1.000000000000428
L#18#20 = 1.0
L#18#22 = 1.000000000000008
L#18#24 = 1.0
L#19#2 = 1.0
L#19#4 = 1.0
L#19#6 = 1.0
L#19#8 = 1.0
L#19#10 = 1.0
L#19#11 = 1.0
L#19#13 = 1.0
L#19#15 = 1.0
L#19#17 = 1.0
L#19#19 = 1.0
L#19#21 = 1.0
L#19#23 = 1.0
L#19#25 = 1.0
L#20#2 = 1.0
L#20#4 = 1.0
L#20#6 = 1.0
L#20#8 = 1.0
L#20#10 = 1.0
L#20#12 = 1.0
L#20#13 = 1.0
L#20#15 = 1.0
L#20#17 = 1.0
L#20#19 = 1.0
L#20#21 = 1.0
L#20#23 = 1.0
L#20#25 = 1.0
L#21#1 = 1.0
L#21#3 = 1.0
L#21#5 = 1.0
L#21#7 = 1.0
L#21#9 = 1.0
L#21#12 = 1.0
L#21#14 = 1.0
L#21#16 = 1.0
L#21#18 = 1.0
L#21#19 = 1.0
L#21#21 = 1.0
L#21#23 = 1.0
L#21#25 = 1.0
L#22#2 = 1.0
L#22#4 = 1.0
L#22#6 = 1.0
L#22#8 = 1.0
L#22#11 = 1.0
L#22#13 = 1.0
L#22#15 = 1.0
L#22#17 = 1.0
L#22#19 = 1.0
L#22#21 = 1.0
L#22#23 = 1.0
L#22#25 = 1.0
L#23#2 = 1.0
L#23#4 = 1.0
L#23#6 = 1.0
L#23#8 = 1.0
L#23#10 = 1.0
L#23#12 = 1.0
L#23#14 = 1.0
L#23#16 = 1.0
L#23#18 = 1.0
L#23#20 = 1.0
L#23#23 = 1.0
L#23#25 = 1.0
L#24#1 = 1.0
L#24#3 = 1.0
L#24#5 = 1.0
L#24#8 = 1.0
L#24#10 = 1.0
L#24#12 = 1.0
L#24#14 = 1.0
L#24#16 = 1.0
L#24#18 = 1.0
L#24#20 = 1.0
L#24#22 = 1.0
L#24#24 = 1.0
L#25#2 = 1.0
L#25#4 = 1.0
L#25#6 = 1.0
L#25#8 = 1.0
L#25#10 = 1.0
L#25#12 = 1.0
L#25#14 = 1.0
L#25#17 = 1.0
L#25#19 = 1.0
L#25#21 = 1.0
L#25#23 = 1.0
L#25#25 = 1.0
L#26#1 = 1.0
L#26#3 = 1.0
L#26#5 = 1.0
L#26#7 = 1.0
L#26#9 = 1.0
L#26#11 = 1.0
L#26#13 = 1.0
L#26#14 = 1.0
L#26#16 = 1.0
L#26#18 = 1.0
L#26#20 = 1.0
L#26#22 = 1.0
L#26#24 = 1.0
F#1#2#1 = 1.0
F#1#3#11 = 1.0
F#1#4#7 = 1.0
F#1#5#21 = 1.0
F#6#1#23 = 1.0
F#1#7#22 = 1.0
F#1#8#9 = 1.0
F#9#1#4 = 1.0
F#10#1#2 = 1.0
F#11#1#25 = 1.0
F#12#1#12 = 1.0
F#1#13#13 = 1.0
F#1#14#19 = 1.0
F#15#1#14 = 1.0
F#16#1#6 = 1.0
F#1#17#17 = 1.0
F#18#1#20 = 1.0
F#1#19#5 = 1.0
F#20#1#10 = 1.0
F#21#1#16 = 1.0
F#1#22#24 = 1.0
F#1#23#3 = 1.0
F#1#24#15 = 1.0
F#25#1#8 = 1.0
F#26#1#18 = 1.0
F#3#2#16 = 1.0
F#4#2#14 = 1.0
F#5#2#22 = 1.0
F#2#6#2 = 1.0
F#2#7#23 = 1.0
F#2#8#13 = 1.0
F#9#2#18 = 0.9999999999999946
F#10#2#6 = 1.0
F#2#11#3 = 1.0
F#2#12#15 = 1.0
F#2#13#19 = 1.0
F#14#2#20 = 1.0
F#2#15#11 = 1.0
F#16#2#10 = 1.0
F#17#2#24 = 1.0
F#2#18#25 = 1.0
F#2#19#7 = 1.0
F#20#2#4 = 1.0
F#2#21#17 = 1.0
F#2#22#5 = 1.0
F#23#2#8 = 1.0
F#24#2#12 = 1.0
F#2#25#9 = 1.0
F#2#26#21 = 1.0
F#4#3#25 = 0.9999999999998455
F#3#5#12 = 1.0
F#6#3#13 = 1.0
F#7#3#15 = 1.0
F#3#8#22 = 1.0000000000004337
F#3#9#3 = 1.0000000000001479
F#3#10#18 = 1.0
F#11#3#19 = 1.0
F#12#3#2 = 1.0000000000002098
F#13#3#7 = 1.0000000000002838
F#3#14#8 = 1.0000000000001235
F#3#15#1 = 0.9999999999997996
F#3#16#14 = 1.0
F#3#17#6 = 0.9999999999998588
F#18#3#9 = 1.0
F#19#3#21 = 1.0
F#3#20#24 = 1.0
F#21#3#5 = 1.0
F#3#22#20 = 1.0000000000000402
F#23#3#23 = 1.0
F#3#24#4 = 1.0
F#25#3#17 = 1.0
F#3#26#10 = 1.0000000000002127
F#5#4#9 = 1.0
F#4#6#4 = 1.0
F#4#7#8 = 0.9999999999998253
F#8#4#18 = 0.9999999999998449
F#4#9#23 = 0.9999999999996791
F#10#4#11 = 1.0
F#4#11#10 = 1.0
F#12#4#20 = 1.0
F#13#4#3 = 0.9999999999997922
F#14#4#1 = 1.0
F#4#15#21 = 0.999999999999899
F#16#4#22 = 1.0
F#4#17#2 = 1.0
F#4#18#12 = 1.0000000000000209
F#19#4#15 = 1.0
F#20#4#17 = 1.0
F#4#21#6 = 0.9999999999998905
F#22#4#13 = 1.0
F#4#23#19 = 1.0
F#24#4#24 = 1.0
F#4#25#16 = 1.0
F#26#4#5 = 1.0
F#5#6#24 = 1.0
F#5#7#20 = 1.0
F#5#8#5 = 1.0000000000000613
F#5#9#11 = 1.0
F#10#5#25 = 1.0
F#11#5#2 = 1.0000000000000238
F#12#5#8 = 0.9999999999998253
F#13#5#18 = 0.999999999999856
F#5#14#17 = 1.0
F#5#15#13 = 1.0
F#5#16#7 = 1.0
F#17#5#16 = 1.0
F#5#18#19 = 1.0000000000001077
F#5#19#3 = 1.0
F#5#20#1 = 1.0
F#21#5#23 = 1.0
F#22#5#4 = 1.0
F#23#5#14 = 1.0
F#24#5#10 = 0.9999999999999637
F#25#5#6 = 1.0
F#5#26#15 = 1.0
F#6#7#25 = 1.0
F#8#6#8 = 0.9999999999998994
F#9#6#14 = 0.9999999999998994
F#6#10#5 = 1.0
F#6#11#1 = 1.0
F#6#12#3 = 1.0
F#6#13#17 = 1.0000000000001368
F#6#14#21 = 1.0
F#15#6#12 = 1.0
F#6#16#11 = 1.0
F#17#6#20 = 1.0000000000001692
F#18#6#22 = 0.999999999999907
F#19#6#6 = 1.0
F#6#20#7 = 1.0
F#6#21#15 = 1.0000000000000817
F#6#22#9 = 1.0
F#23#6#18 = 1.0
F#24#6#16 = 1.0
F#25#6#10 = 1.0
F#6#26#19 = 1.0
F#7#8#3 = 1.0
F#7#9#7 = 1.0000000000001061
F#7#10#1 = 1.0
F#7#11#24 = 1.0
F#7#12#5 = 0.9999999999993651
F#13#7#14 = 1.0
F#14#7#18 = 1.0
F#15#7#10 = 1.0000000000002198
F#7#16#13 = 1.000000000000063
F#7#17#19 = 1.0
F#7#18#21 = 1.0
F#19#7#4 = 1.0
F#20#7#6 = 1.0
F#21#7#12 = 1.0
F#22#7#2 = 1.0
F#7#23#9 = 1.0000000000001017
F#7#24#17 = 1.0000000000002078
F#7#25#11 = 1.0000000000001061
F#26#7#16 = 1.0
F#9#8#1 = 1.0000000000001126
F#8#10#16 = 0.9999999999998953
F#11#8#15 = 0.9999999999998953
F#8#12#21 = 1.0
F#8#13#2 = 1.0
F#14#8#7 = 1.0000000000001235
F#8#15#25 = 1.0
F#16#8#24 = 1.0
F#8#17#12 = 1.0
F#8#18#6 = 1.0
F#19#8#11 = 1.0
F#8#20#14 = 1.0
F#8#21#10 = 1.0
F#22#8#17 = 1.0000000000001006
F#23#8#20 = 1.0
F#8#24#23 = 1.0
F#25#8#19 = 1.0
F#8#26#4 = 1.0
F#10#9#17 = 1.0
F#11#9#13 = 1.0000000000002605
F#9#12#24 = 1.0
F#9#13#6 = 1.0000000000000844
F#9#14#12 = 1.0
F#15#9#2 = 0.9999999999997996
F#9#16#16 = 0.9999999999999559
F#9#17#8 = 0.9999999999998588
F#9#18#10 = 0.9999999999999356
F#9#19#20 = 0.9999999999998326
F#20#9#21 = 1.0
F#21#9#19 = 1.0
F#22#9#15 = 0.9999999999998994
F#23#9#25 = 1.0
F#24#9#5 = 1.0
F#9#25#22 = 1.00000000000023
F#26#9#9 = 0.9999999999998938
F#10#11#4 = 1.0
F#12#10#10 = 1.0
F#10#13#21 = 1.0000000000000355
F#14#10#24 = 1.0
F#10#15#15 = 0.9999999999998994
F#16#10#20 = 1.000000000000063
F#10#17#23 = 1.0
F#18#10#3 = 1.0
F#10#19#9 = 1.0
F#20#10#8 = 1.0
F#10#21#13 = 1.0000000000000329
F#10#22#7 = 1.0
F#23#10#12 = 1.0
F#10#24#19 = 1.0000000000001077
F#25#10#14 = 1.0
F#26#10#22 = 1.0
F#11#12#17 = 1.0000000000002565
F#13#11#16 = 0.999999999999726
F#14#11#22 = 1.0000000000001181
F#15#11#18 = 1.0
F#16#11#12 = 1.0
F#11#17#21 = 1.0
F#11#18#23 = 1.0
F#19#11#8 = 1.0
F#11#20#9 = 0.9999999999999559
F#21#11#14 = 1.0
F#22#11#6 = 1.0
F#11#23#5 = 0.9999999999999559
F#11#24#11 = 1.0
F#11#25#7 = 1.0000000000001061
F#26#11#20 = 0.9999999999998767
F#12#13#4 = 1.0
F#14#12#11 = 1.0
F#12#15#23 = 1.0
F#12#16#25 = 0.9999999999999496
F#17#12#7 = 1.0
F#18#12#13 = 0.9999999999998004
F#12#19#14 = 1.0
F#12#20#16 = 0.9999999999998953
F#21#12#9 = 1.0
F#22#12#19 = 1.0
F#12#23#22 = 1.0
F#24#12#1 = 1.0
F#12#25#18 = 0.9999999999997701
F#12#26#6 = 1.0
F#13#14#10 = 1.0
F#13#15#5 = 1.0
F#13#16#9 = 1.0
F#17#13#11 = 1.0
F#18#13#15 = 1.0
F#19#13#25 = 1.0
F#13#20#22 = 1.0
F#13#21#20 = 1.0000000000001474
F#22#13#23 = 1.0
F#13#23#1 = 1.0
F#24#13#8 = 0.9999999999999793
F#13#25#24 = 0.9999999999998479
F#13#26#12 = 1.0
F#15#14#6 = 1.0
F#14#16#3 = 1.0000000000001479
F#17#14#15 = 1.0
F#14#18#16 = 1.0
F#19#14#23 = 1.0
F#14#20#5 = 0.9999999999999559
F#21#14#25 = 1.0
F#14#22#14 = 1.0
F#23#14#2 = 0.9999999999998943
F#14#24#9 = 1.0
F#25#14#4 = 1.0
F#26#14#13 = 1.0
F#16#15#17 = 1.0000000000000355
F#17#15#9 = 1.0
F#18#15#7 = 0.9999999999999051
F#15#19#16 = 1.0000000000001252
F#20#15#19 = 1.0000000000001683
F#15#21#4 = 1.0
F#15#22#22 = 0.999999999999899
F#15#23#24 = 1.0
F#24#15#3 = 1.0000000000001479
F#15#25#20 = 1.0
F#15#26#8 = 1.0
F#16#17#4 = 1.0
F#18#16#5 = 0.999999999999855
F#19#16#19 = 0.9999999999998822
F#16#20#18 = 1.0
F#16#21#8 = 0.9999999999999347
F#22#16#21 = 1.0
F#16#23#15 = 1.0
F#16#24#2 = 1.0000000000000238
F#25#16#23 = 1.0
F#26#16#1 = 0.9999999999999762
F#17#18#18 = 1.0
F#17#19#1 = 1.0
F#20#17#25 = 0.9999999999998477
F#17#21#22 = 1.0000000000001177
F#17#22#3 = 1.0
F#23#17#10 = 1.0
F#17#24#13 = 1.0
F#17#25#5 = 1.0
F#26#17#14 = 1.0
F#18#19#24 = 1.0
F#20#18#2 = 1.0
F#18#21#11 = 1.0
F#22#18#8 = 1.0000000000001095
F#23#18#4 = 1.0
F#24#18#14 = 1.0
F#18#25#1 = 1.0
F#18#26#17 = 1.0
F#20#19#12 = 1.0
F#21#19#18 = 1.0
F#19#22#10 = 1.0
F#19#23#17 = 1.0
F#24#19#22 = 1.0
F#19#25#13 = 1.0
F#19#26#2 = 1.0
F#21#20#3 = 1.0
F#22#20#11 = 1.0
F#20#23#13 = 1.0
F#24#20#20 = 1.0
F#20#25#15 = 1.0
F#20#26#23 = 1.0
F#21#22#1 = 1.0
F#21#23#7 = 1.0
F#21#24#21 = 1.0
F#25#21#2 = 0.9999999999998905
F#26#21#24 = 1.0
F#23#22#16 = 1.0
F#24#22#18 = 1.0000000000001488
F#25#22#12 = 1.0
F#22#26#25 = 1.0
F#23#24#6 = 1.0
F#25#23#21 = 1.0
F#26#23#11 = 0.9999999999999194
F#25#24#25 = 1.0
F#26#24#7 = 1.0000000000001872
F#26#25#3 = 1.0
VC#1#2 = 4.0
VC#1#3 = 2.0
VC#2#2 = 4.0
VC#2#3 = 1.0
VC#3#2 = 4.0
VC#3#3 = 0.9999999999999223
VC#4#2 = 4.0
VC#4#3 = 2.0
VC#5#2 = 4.0
VC#5#3 = 2.0000000000001075
VC#6#2 = 4.0
VC#6#3 = 2.0
VC#7#2 = 4.0
VC#7#3 = 1.0
VC#8#2 = 4.0
VC#8#3 = 1.0
VC#9#2 = 4.0
VC#9#3 = 1.9999999999998521
VC#10#2 = 4.0
VC#10#3 = 2.0
VC#11#2 = 4.0
VC#11#3 = 0.9999999999998953
VC#12#2 = 4.0
VC#12#3 = 1.0
VC#13#2 = 4.0
VC#13#3 = 1.0
VC#14#2 = 4.0
VC#14#3 = 2.0
VC#15#2 = 4.0
VC#15#3 = 1.0000000000001479
VC#16#1 = 8.000000000000139
VC#16#3 = 1.9999999999998086
VC#17#1 = 7.9999999999998925
VC#17#3 = 1.0
VC#18#1 = 8.0
VC#18#3 = 1.000000000000278
VC#19#1 = 7.0
VC#19#3 = 1.0
VC#20#1 = 8.0
VC#20#3 = 1.0
VC#21#1 = 7.0
VC#21#3 = 2.0
VC#22#1 = 7.0
VC#22#3 = 2.0
VC#23#1 = 6.999999999999911
VC#23#3 = 1.9999999999999194
VC#24#1 = 6.999999999999884
VC#24#2 = 4.0
VC#25#1 = 8.000000000000085
VC#25#2 = 4.0
VC#26#1 = 8.0
VC#26#2 = 4.0
LC#1#2 = 4.0
LC#1#3 = 1.0
LC#2#2 = 4.0
LC#2#3 = 2.0
LC#3#2 = 4.0
LC#3#3 = 2.0000000000000777
LC#4#2 = 4.0
LC#4#3 = 1.0
LC#5#2 = 4.0
LC#5#3 = 0.9999999999998925
LC#6#2 = 4.0
LC#6#3 = 1.0
LC#7#2 = 4.0
LC#7#3 = 2.0
LC#8#2 = 4.0
LC#8#3 = 2.0
LC#9#2 = 4.0
LC#9#3 = 1.0000000000001479
LC#10#2 = 4.0
LC#10#3 = 1.0
LC#11#2 = 4.0
LC#11#3 = 2.000000000000105
LC#12#2 = 4.0
LC#12#3 = 2.0
LC#13#2 = 4.0
LC#13#3 = 2.0
LC#14#2 = 4.0
LC#14#3 = 1.0
LC#15#2 = 4.0
LC#15#3 = 1.9999999999998521
LC#16#1 = 6.9999999999998614
LC#16#3 = 1.0000000000001914
LC#17#1 = 7.0000000000001075
LC#17#3 = 2.0
LC#18#1 = 7.0
LC#18#3 = 1.999999999999722
LC#19#1 = 8.0
LC#19#3 = 2.0
LC#20#1 = 7.0
LC#20#3 = 2.0
LC#21#1 = 8.0
LC#21#3 = 1.0
LC#22#1 = 8.0
LC#22#3 = 1.0
LC#23#1 = 8.000000000000089
LC#23#3 = 1.0000000000000806
LC#24#1 = 8.000000000000117
LC#24#2 = 4.0
LC#25#1 = 6.999999999999915
LC#25#2 = 4.0
LC#26#1 = 7.0
LC#26#2 = 4.0
