1,1,0
1,2,1
1,3,0
1,4,0
1,5,1
1,6,0
1,7,1
1,8,0
1,9,1
1,10,0
1,11,1
1,12,0
1,13,1
2,1,0
2,2,1
2,3,0
2,4,0
2,5,1
2,6,0
2,7,1
2,8,0
2,9,1
2,10,0
2,11,1
2,12,1
2,13,0
3,1,0
3,2,1
3,3,0
3,4,0
3,5,1
3,6,0
3,7,1
3,8,0
3,9,1
3,10,1
3,11,0
3,12,1
3,13,0
4,1,0
4,2,1
4,3,0
4,4,0
4,5,1
4,6,0
4,7,1
4,8,1
4,9,0
4,10,1
4,11,0
4,12,1
4,13,0
5,1,0
5,2,1
5,3,0
5,4,0
5,5,1
5,6,1
5,7,0
5,8,1
5,9,0
5,10,1
5,11,0
5,12,1
5,13,0
6,1,0
6,2,1
6,3,0
6,4,1
6,5,0
6,6,0
6,7,1
6,8,0
6,9,1
6,10,0
6,11,1
6,12,0
6,13,1
7,1,0
7,2,1
7,3,0
7,4,1
7,5,0
7,6,0
7,7,1
7,8,0
7,9,1
7,10,0
7,11,1
7,12,1
7,13,0
8,1,0
8,2,1
8,3,0
8,4,1
8,5,0
8,6,0
8,7,1
8,8,0
8,9,1
8,10,1
8,11,0
8,12,1
8,13,0
9,1,0
9,2,1
9,3,0
9,4,1
9,5,0
9,6,0
9,7,1
9,8,1
9,9,0
9,10,1
9,11,0
9,12,1
9,13,0
10,1,0
10,2,1
10,3,0
10,4,1
10,5,0
10,6,1
10,7,0
10,8,0
10,9,1
10,10,0
10,11,1
10,12,0
10,13,1
11,1,0
11,2,1
11,3,0
11,4,1
11,5,0
11,6,1
11,7,0
11,8,0
11,9,1
11,10,0
11,11,1
11,12,1
11,13,0
12,1,0
12,2,1
12,3,0
12,4,1
12,5,0
12,6,1
12,7,0
12,8,0
12,9,1
12,10,1
12,11,0
12,12,1
12,13,0
13,1,0
13,2,1
13,3,0
13,4,1
13,5,0
13,6,1
13,7,0
13,8,1
13,9,0
13,10,0
13,11,1
13,12,0
13,13,1
14,1,0
14,2,1
14,3,0
14,4,1
14,5,0
14,6,1
14,7,0
14,8,1
14,9,0
14,10,0
14,11,1
14,12,1
14,13,0
15,1,0
15,2,1
15,3,0
15,4,1
15,5,0
15,6,1
15,7,0
15,8,1
15,9,0
15,10,1
15,11,0
15,12,0
15,13,1
16,1,0
16,2,1
16,3,0
16,4,1
16,5,0
16,6,1
16,7,0
16,8,1
16,9,0
16,10,1
16,11,0
16,12,1
16,13,0
17,1,0
17,2,1
17,3,0
17,4,1
17,5,0
17,6,1
17,7,0
17,8,1
17,9,0
17,10,1
17,11,1
17,12,0
17,13,1
18,1,0
18,2,1
18,3,0
18,4,1
18,5,0
18,6,1
18,7,0
18,8,1
18,9,1
18,10,0
18,11,0
18,12,1
18,13,0
19,1,0
19,2,1
19,3,0
19,4,1
19,5,0
19,6,1
19,7,0
19,8,1
19,9,1
19,10,0
19,11,1
19,12,0
19,13,1
20,1,0
20,2,1
20,3,0
20,4,1
20,5,0
20,6,1
20,7,1
20,8,0
20,9,0
20,10,1
20,11,0
20,12,1
20,13,0
21,1,0
21,2,1
21,3,0
21,4,1
21,5,0
21,6,1
21,7,1
21,8,0
21,9,1
21,10,0
21,11,0
21,12,1
21,13,0
22,1,0
22,2,1
22,3,0
22,4,1
22,5,0
22,6,1
22,7,1
22,8,0
22,9,1
22,10,0
22,11,1
22,12,0
22,13,1
23,1,0
23,2,1
23,3,0
23,4,1
23,5,1
23,6,0
23,7,0
23,8,1
23,9,0
23,10,1
23,11,0
23,12,1
23,13,0
24,1,0
24,2,1
24,3,0
24,4,1
24,5,1
24,6,0
24,7,1
24,8,0
24,9,0
24,10,1
24,11,0
24,12,1
24,13,0
25,1,0
25,2,1
25,3,0
25,4,1
25,5,1
25,6,0
25,7,1
25,8,0
25,9,1
25,10,0
25,11,0
25,12,1
25,13,0
26,1,0
26,2,1
26,3,0
26,4,1
26,5,1
26,6,0
26,7,1
26,8,0
26,9,1
26,10,0
26,11,1
26,12,0
26,13,1
27,1,0
27,2,1
27,3,1
27,4,0
27,5,0
27,6,1
27,7,0
27,8,1
27,9,0
27,10,1
27,11,0
27,12,1
27,13,0
28,1,0
28,2,1
28,3,1
28,4,0
28,5,1
28,6,0
28,7,0
28,8,1
28,9,0
28,10,1
28,11,0
28,12,1
28,13,0
29,1,0
29,2,1
29,3,1
29,4,0
29,5,1
29,6,0
29,7,1
29,8,0
29,9,0
29,10,1
29,11,0
29,12,1
29,13,0
30,1,0
30,2,1
30,3,1
30,4,0
30,5,1
30,6,0
30,7,1
30,8,0
30,9,1
30,10,0
30,11,0
30,12,1
30,13,0
31,1,0
31,2,1
31,3,1
31,4,0
31,5,1
31,6,0
31,7,1
31,8,0
31,9,1
31,10,0
31,11,1
31,12,0
31,13,1
32,1,1
32,2,0
32,3,0
32,4,1
32,5,0
32,6,1
32,7,0
32,8,1
32,9,0
32,10,1
32,11,0
32,12,1
32,13,0
33,1,1
33,2,0
33,3,0
33,4,1
33,5,0
33,6,1
33,7,0
33,8,1
33,9,0
33,10,1
33,11,1
33,12,0
33,13,1
34,1,1
34,2,0
34,3,0
34,4,1
34,5,0
34,6,1
34,7,0
34,8,1
34,9,1
34,10,0
34,11,1
34,12,0
34,13,1
35,1,1
35,2,0
35,3,0
35,4,1
35,5,0
35,6,1
35,7,1
35,8,0
35,9,1
35,10,0
35,11,1
35,12,0
35,13,1
36,1,1
36,2,0
36,3,0
36,4,1
36,5,1
36,6,0
36,7,1
36,8,0
36,9,1
36,10,0
36,11,1
36,12,0
36,13,1
37,1,1
37,2,0
37,3,1
37,4,0
37,5,0
37,6,1
37,7,0
37,8,1
37,9,0
37,10,1
37,11,0
37,12,1
37,13,0
38,1,1
38,2,0
38,3,1
38,4,0
38,5,0
38,6,1
38,7,0
38,8,1
38,9,0
38,10,1
38,11,1
38,12,0
38,13,1
39,1,1
39,2,0
39,3,1
39,4,0
39,5,0
39,6,1
39,7,0
39,8,1
39,9,1
39,10,0
39,11,1
39,12,0
39,13,1
40,1,1
40,2,0
40,3,1
40,4,0
40,5,0
40,6,1
40,7,1
40,8,0
40,9,1
40,10,0
40,11,1
40,12,0
40,13,1
41,1,1
41,2,0
41,3,1
41,4,0
41,5,1
41,6,0
41,7,0
41,8,1
41,9,0
41,10,1
41,11,0
41,12,1
41,13,0
42,1,1
42,2,0
42,3,1
42,4,0
42,5,1
42,6,0
42,7,0
42,8,1
42,9,0
42,10,1
42,11,1
42,12,0
42,13,1
43,1,1
43,2,0
43,3,1
43,4,0
43,5,1
43,6,0
43,7,0
43,8,1
43,9,1
43,10,0
43,11,1
43,12,0
43,13,1
44,1,1
44,2,0
44,3,1
44,4,0
44,5,1
44,6,0
44,7,1
44,8,0
44,9,0
44,10,1
44,11,0
44,12,1
44,13,0
45,1,1
45,2,0
45,3,1
45,4,0
45,5,1
45,6,0
45,7,1
45,8,0
45,9,0
45,10,1
45,11,1
45,12,0
45,13,1
46,1,1
46,2,0
46,3,1
46,4,0
46,5,1
46,6,0
46,7,1
46,8,0
46,9,1
46,10,0
46,11,0
46,12,1
46,13,0
47,1,1
47,2,0
47,3,1
47,4,0
47,5,1
47,6,0
47,7,1
47,8,0
47,9,1
47,10,0
47,11,1
47,12,0
47,13,1
48,1,1
48,2,0
48,3,1
48,4,0
48,5,1
48,6,0
48,7,1
48,8,0
48,9,1
48,10,0
48,11,1
48,12,1
48,13,0
49,1,1
49,2,0
49,3,1
49,4,0
49,5,1
49,6,0
49,7,1
49,8,0
49,9,1
49,10,1
49,11,0
49,12,0
49,13,1
50,1,1
50,2,0
50,3,1
50,4,0
50,5,1
50,6,0
50,7,1
50,8,0
50,9,1
50,10,1
50,11,0
50,12,1
50,13,0
51,1,1
51,2,0
51,3,1
51,4,0
51,5,1
51,6,0
51,7,1
51,8,1
51,9,0
51,10,0
51,11,1
51,12,0
51,13,1
52,1,1
52,2,0
52,3,1
52,4,0
52,5,1
52,6,0
52,7,1
52,8,1
52,9,0
52,10,1
52,11,0
52,12,0
52,13,1
53,1,1
53,2,0
53,3,1
53,4,0
53,5,1
53,6,0
53,7,1
53,8,1
53,9,0
53,10,1
53,11,0
53,12,1
53,13,0
54,1,1
54,2,0
54,3,1
54,4,0
54,5,1
54,6,1
54,7,0
54,8,0
54,9,1
54,10,0
54,11,1
54,12,0
54,13,1
55,1,1
55,2,0
55,3,1
55,4,0
55,5,1
55,6,1
55,7,0
55,8,1
55,9,0
55,10,0
55,11,1
55,12,0
55,13,1
56,1,1
56,2,0
56,3,1
56,4,0
56,5,1
56,6,1
56,7,0
56,8,1
56,9,0
56,10,1
56,11,0
56,12,0
56,13,1
57,1,1
57,2,0
57,3,1
57,4,0
57,5,1
57,6,1
57,7,0
57,8,1
57,9,0
57,10,1
57,11,0
57,12,1
57,13,0
58,1,1
58,2,0
58,3,1
58,4,1
58,5,0
58,6,0
58,7,1
58,8,0
58,9,1
58,10,0
58,11,1
58,12,0
58,13,1
59,1,1
59,2,0
59,3,1
59,4,1
59,5,0
59,6,1
59,7,0
59,8,0
59,9,1
59,10,0
59,11,1
59,12,0
59,13,1
60,1,1
60,2,0
60,3,1
60,4,1
60,5,0
60,6,1
60,7,0
60,8,1
60,9,0
60,10,0
60,11,1
60,12,0
60,13,1
61,1,1
61,2,0
61,3,1
61,4,1
61,5,0
61,6,1
61,7,0
61,8,1
61,9,0
61,10,1
61,11,0
61,12,0
61,13,1
62,1,1
62,2,0
62,3,1
62,4,1
62,5,0
62,6,1
62,7,0
62,8,1
62,9,0
62,10,1
62,11,0
62,12,1
62,13,0
